1
left
x_pos
y13x59,-0.000291943076306,-0.000288147693546,0.000215632705166

y22x47,-0.000146823882918,0.0022213530655,2.67959006772e-05

y16x56,-0.00191298127313,-0.00109291791089,-0.000857595285922

y28x38,-0.00159592686783,0.00176918681868,-0.000235168846218

y19x50,-0.000919588549052,0.00135805772872,0.000297233909375

y19x38,-0.0020377509745,-0.000270017818965,-0.000687806399038

y19x53,-0.00163668906307,0.00130913545579,-0.000849612517773

y22x44,-0.0026523562209,0.00348123087543,-0.000688131407131

y19x56,-0.00128997659869,0.00372731565175,-0.000856670200248

y22x62,-0.0012948496599,0.00396791194119,0.000115316617542

y13x56,0.00029416116503,0.000686104476898,0.000948316080458

y19x59,7.46907908912e-05,0.00338820336876,0.000214356989586

y16x50,-0.000391256561932,-0.000437161949436,0.000134861612148

y10x56,-0.001013233087,0.00173864245148,-0.000126150288074

y22x65,-0.001362793658,0.00443280925903,-0.0001468141912

y10x41,-0.00201614167744,0.00160561792963,-0.000815270192269

y13x65,-0.000286780475454,0.00371437455696,-7.94092022924e-05

y10x65,-0.000298184244563,0.00271485399625,-0.000847349353872

y10x44,-0.00156648588958,0.00168767221928,-0.001374388332

y13x62,-0.000366621121755,0.000837335056646,6.09970524538e-05

y25x59,-0.0036170662706,0.00272954347462,-0.00186600237037

y10x47,0.000702853653771,0.000522587789107,0.000425352248949

y25x56,-0.00284344187708,0.00221837713536,-0.00143624353457

y25x53,-0.00136767857154,0.00223133969494,4.4116957823e-07

y25x50,-0.000888961418372,0.00159950939201,0.000193521897029

y28x41,-0.00349648626097,0.0022238131363,-0.00101741679247

y16x38,-0.00143291767163,-0.00221312491824,0.000406334336167

y28x47,-0.000722737664355,0.0022234207774,0.000373658586502

y28x44,-0.00364181283246,0.00267598037778,-0.00099082541066

y13x44,-0.000556450609377,-0.00160677414379,0.000161941386427

y13x47,-0.000328410769376,0.00121710560944,0.000117051509264

y16x41,-0.00185045054103,-0.00143162565475,0.000169619435615

y13x41,-0.00168889013681,-0.000787173950357,2.66172220353e-06

y16x47,0.000382190971928,-0.00171365623647,0.000665305508253

y16x44,-0.0020975131261,-1.60950347882e-05,-0.000526945853264

y16x65,-0.000200121297463,0.0037877722885,-0.000325870869065

y28x62,-0.00235538526609,0.0029006296696,-0.000886703645784

y28x65,-0.0017772098664,0.00538006123568,-0.000351477939086

y19x65,0.000218282551761,0.00352544023516,0.000268863759971

y22x53,-0.00168922226811,0.00262286313649,-0.000703747182157

y22x50,-0.00233293218214,0.000940158104929,-0.000361198456689

y22x56,0.0013728904587,0.0032582989208,0.00153611280349

y19x62,0.000410483151034,0.00350645313468,0.000292021782963

y19x47,-0.000272494477885,0.000237102627791,9.29769820644e-05

y25x62,0.00020346034023,0.0033787679199,0.000912310653811

y19x44,-0.0027693908396,0.000735359486275,-0.00105131652411

y19x41,-0.00292389894081,-5.2142286084e-05,-0.000424857528507

y22x38,-0.00330330807004,-0.00116902098065,-0.00130077197868

y25x41,-0.00248563471897,0.00174445233559,-0.00100419065404

y25x65,0.00108645394562,0.00386748583309,0.00147219445116

y25x44,-0.00264781336418,0.00165732667049,-0.000480046534958

y16x62,-0.000683370771537,0.00289812792358,-0.000270865173737

y10x59,-8.35028373447e-07,0.00215531652876,-0.00073993322098

y25x47,-0.00237083357225,0.00355414866207,-0.000916237919958

y22x41,-0.00281901635817,0.00150061288914,-0.00136706017898

y22x59,-0.00042210769407,0.00436481521975,-0.000122514372446

y10x53,0.00121370312252,0.00142355197688,0.00122018472965

y10x50,-0.000174518815101,0.000179488934175,4.24044526099e-05

y16x59,0.00040434101161,0.00296364312277,0.000964705423592

y10x38,-0.00187605152446,-0.0031647197196,-0.000372446194924

y28x56,-0.00156670795746,0.00191655940447,-0.000670097598825

y28x50,-0.00177631434495,0.00274187746594,-0.000377759867412

y28x53,-0.00162907152667,0.00113074593541,-0.000614289828169

y25x38,-0.0010538257571,0.00255431701159,-0.000286112762092

y13x38,-0.000859655564377,0.00132809066412,-0.000271297221287

y16x53,-0.00251192178932,-0.000895943967983,-0.00115497373758

y13x53,-0.000904742411864,0.000217821175871,-0.000676000525684

y28x59,-0.00197197443146,0.000385488728188,-0.00159769448804

y13x50,-0.00273662866782,0.000502279962759,-0.00104011586538

y10x62,0.000234318047543,0.00627116804146,-0.00061029221537

