24
left
x_pos
y13x59,-0.00109543181941,9.69983724452e-05,-0.0170557979468

y22x47,-0.00126585613539,0.000102190351949,-0.00803238692099

y16x56,0.000529328453159,5.49561295407e-05,0.0163312981767

y28x38,-0.00183966306329,4.89796118286e-05,-0.00668950722242

y19x50,-0.0002505979277,6.21157692487e-05,-0.00260827219472

y19x38,-0.00324812701929,-4.21382433974e-05,-0.0256976557401

y19x53,-0.0011130739111,8.04544035279e-05,-0.00985575156974

y22x44,-0.00271875920878,0.000113257386346,-0.0250222537383

y19x56,-0.00124718366656,0.000113041361848,-0.0104304042286

y22x62,-0.00209452852129,0.000129115805687,-0.0254920011752

y13x56,-0.00118762924866,3.5838434951e-05,-0.00505441984864

y19x59,-0.000150756497248,0.00014197912311,0.00807013840602

y16x50,-0.00117924406487,3.39543149609e-05,-0.0113572787237

y10x56,-0.00112917998078,0.000128829019898,-0.0234664402279

y22x65,0.000356223141408,0.000162956564031,0.021223334169

y10x41,-0.00298146879045,3.11636026908e-05,-0.0249141356845

y13x65,-0.000122220075638,0.000133979984346,-0.00582399560698

y10x65,0.00185466353604,0.000150821015924,0.0306556922045

y10x44,-0.00278649526981,4.25745817843e-05,-0.0236506011257

y13x62,0.00107652017165,0.000166133084328,0.0203713169182

y25x59,-0.00230318228599,0.000111564245585,-0.0234927581779

y10x47,-0.00108373897408,7.23454051153e-07,-0.00527815833054

y25x56,-0.00228207795901,6.9946580596e-05,-0.0230834705536

y25x53,-0.000506235703438,5.84364694982e-05,-0.000551943495319

y25x50,-0.000701693419436,6.36635923239e-05,-0.00205250471361

y28x41,-0.0031987304159,7.58902719887e-05,-0.0202102180291

y16x38,-0.00175362535292,7.99229867828e-06,-0.00793060970498

y28x47,-0.0016835435952,0.000117220921139,-0.0055078504565

y28x44,-0.0035149299367,0.000104991851429,-0.0205165304477

y13x44,-0.00243680334236,4.17726017825e-05,-0.0190289449262

y13x47,1.79171332605e-05,-1.69069248839e-05,0.0060863431443

y16x41,-0.00191600215962,3.05136782148e-05,-0.0109613435924

y13x41,-0.00201884841868,-3.01722304242e-05,-0.00524977445831

y16x47,0.000253053457326,3.77401761767e-05,0.00621990141224

y16x44,-0.00151310614752,-1.02830025406e-05,-0.00841841573619

y16x65,-0.00015335717301,0.000168124619093,-0.00265289176305

y28x62,-0.00125619687884,0.000155760123414,0.00210028105844

y28x65,-0.000637665036219,0.000187458504835,0.0132277429386

y19x65,-0.000566367712572,0.000131946579874,-0.00301467547536

y22x53,-0.000525366972218,0.000100672153674,-0.00116289130151

y22x50,-0.000209132769855,5.98605430238e-05,-5.47184282352e-05

y22x56,-0.00145976990796,0.000112939205824,-0.00829480046825

y19x62,-0.000130611587257,0.000131746904566,0.0106510752178

y19x47,-0.00117139446518,7.52029601892e-05,-0.00952529004359

y25x62,-8.63164308844e-05,0.000162007257796,0.0158654595181

y19x44,-0.00292189803686,5.89369771259e-05,-0.0253012003532

y19x41,-0.00261864341803,7.43570024562e-06,-0.0142530211319

y22x38,-0.00279088905283,1.31166970797e-05,-0.0243676823462

y25x41,-0.00247944790271,6.46275507673e-05,-0.0190899143144

y25x65,-0.00050884208469,0.000177687749658,0.00895209030703

y25x44,-0.0031585485063,7.73336616842e-05,-0.0204811794252

y16x62,0.000141907683278,8.17452647974e-05,0.00899779382977

y10x59,-0.000126382894327,0.000137463341811,-0.00213563773266

y25x47,-0.00192726681814,0.000134503696546,-0.0149377619102

y22x41,-0.00341416691309,5.36833058193e-05,-0.0240701991163

y22x59,-0.000947252540697,0.000124223515253,-0.00210736862915

y10x53,0.000597480514784,8.57177234339e-05,0.00480966210618

y10x50,0.00050274051604,-1.27439725935e-05,0.00938385585763

y16x59,-0.000952084577813,3.94746527729e-05,-0.00339637723675

y10x38,-0.00206387215688,3.28690783102e-05,-0.0279818927246

y28x56,-0.00201498258051,8.0147059416e-05,-0.0174202496389

y28x50,-0.000974371185442,6.81153198373e-05,-0.00136662037649

y28x53,-0.00120303968918,7.4206699719e-05,-0.0115430455889

y25x38,-0.00160532771144,0.000116793143343,-0.0089667484352

y13x38,-0.00196399208425,-7.38224190475e-06,-0.00798649430625

y16x53,-0.00188804306902,1.95671898605e-05,-0.0223113319829

y13x53,-0.00222573402175,8.20792915177e-06,-0.0242131963078

y28x59,-0.00330096777034,6.84869419209e-05,-0.0394095970414

y13x50,-0.000175725687719,1.09335336738e-05,0.00696880716237

y10x62,-0.00186868828116,0.000119852460318,-0.0400850651112

