19
left
x_pos
y13x59,-0.00102200505215,0.000116673529808,-0.0126535123148

y22x47,-0.00112961190713,0.000126450889386,-0.0056337819403

y16x56,0.000400011892474,6.81896604226e-05,0.0119940461974

y28x38,-0.001922803658,6.54376230978e-05,-0.00556119316661

y19x50,-0.000283191074056,7.46452782523e-05,-0.00128384522646

y19x38,-0.00324341830364,-4.6660714113e-05,-0.0206654076991

y19x53,-0.00120626880115,0.000107382065146,-0.0093216001771

y22x44,-0.00284324334141,0.000138079747379,-0.0195210167778

y19x56,-0.00130912966905,0.000139863574637,-0.0092092693088

y22x62,-0.00209898114494,0.000165597370297,-0.0201655797019

y13x56,-0.00128300265943,4.11145852745e-05,-0.00464349338705

y19x59,-0.000238946174747,0.000173748935565,0.00401323783156

y16x50,-0.00100347746635,4.10023002294e-05,-0.00784705842704

y10x56,-0.00111216108435,0.000163361665822,-0.0177730723076

y22x65,0.000262785925047,0.000206304016434,0.0155098090022

y10x41,-0.00285340511755,3.49268831519e-05,-0.0191069756733

y13x65,-0.000134263985209,0.000165787301867,-0.00584031120208

y10x65,0.001750832621,0.000181987869544,0.0227319009082

y10x44,-0.00284792333768,4.89079321876e-05,-0.0187953447476

y13x62,0.00100321739545,0.00020913272161,0.0158471456125

y25x59,-0.00248946929271,0.000142522297928,-0.0206397371516

y10x47,-0.00111792554996,-4.45787873738e-06,-0.0035747033544

y25x56,-0.00221410456047,8.22355250638e-05,-0.017385906025

y25x53,-0.000467499194983,6.92377626964e-05,-0.000512607683738

y25x50,-0.000694014630721,7.89803044353e-05,-0.00197358805449

y28x41,-0.00323409240224,9.64977631753e-05,-0.0162344431956

y16x38,-0.00176609089264,1.01632764799e-05,-0.00640073534716

y28x47,-0.00166852675844,0.000146007085401,-0.0040567598743

y28x44,-0.0035411794412,0.000133401305707,-0.0165190789671

y13x44,-0.00239496718153,4.77548984544e-05,-0.0145076951821

y13x47,4.55275424592e-05,-1.86397554227e-05,0.00479652882249

y16x41,-0.00197829673339,3.14115499428e-05,-0.00824705977485

y13x41,-0.00198569472712,-3.22688065909e-05,-0.00477976356791

y16x47,0.00019947560685,3.62401148548e-05,0.00497322274802

y16x44,-0.00160282464917,-1.14449198371e-05,-0.00754034344397

y16x65,-9.72018811918e-05,0.000210592995385,-0.000562217464734

y28x62,-0.00125617569122,0.000190448114556,0.00173628608125

y28x65,-0.000703455266676,0.000237025821018,0.0100164470885

y19x65,-0.000621065306705,0.000164957115162,-0.00410936685225

y22x53,-0.00061718245723,0.000126055815974,-0.00306826641512

y22x50,-0.000358016577385,7.14989466295e-05,-0.000779215042963

y22x56,-0.00133904859193,0.000142292750662,-0.00509316019057

y19x62,-4.43694891333e-05,0.000168742182983,0.0088472337686

y19x47,-0.00111672034855,9.45494283424e-05,-0.00788591673661

y25x62,-3.76592479766e-05,0.000204922927138,0.0120365970429

y19x44,-0.00298279133499,6.87163796729e-05,-0.0205146348077

y19x41,-0.00267119600479,1.31332313484e-05,-0.0112789941454

y22x38,-0.00279067663208,1.46856352703e-05,-0.0193736611964

y25x41,-0.00239095959542,8.60731236083e-05,-0.0153133620215

y25x65,-0.000351475751036,0.000221031417697,0.00890462028342

y25x44,-0.00308816610485,9.85874079414e-05,-0.0158994076421

y16x62,0.000176288103495,0.000110271964796,0.00829392595192

y10x59,-0.000139884471209,0.000176415095444,-0.00292805947454

y25x47,-0.00193554906798,0.000167153944496,-0.0113886068537

y22x41,-0.00321550501762,7.10843346435e-05,-0.0188155563536

y22x59,-0.00111849903543,0.000149138073308,-0.00358883066279

y10x53,0.000698994122297,0.00010404507083,0.00435223803404

y10x50,0.000509328580367,-2.11870065408e-05,0.0079211005544

y16x59,-0.000854316912265,5.42846654236e-05,-0.00272908840786

y10x38,-0.00204946557352,4.15171477578e-05,-0.0226479679896

y28x56,-0.00205696732842,0.000104648480183,-0.0144092437666

y28x50,-0.000991850690299,8.79653070559e-05,-0.000970495734189

y28x53,-0.00120078995366,9.66183219368e-05,-0.00862319448472

y25x38,-0.00160244056421,0.000148426001215,-0.00725295177343

y13x38,-0.00194882819851,-6.26829597675e-06,-0.00621792365175

y16x53,-0.00193769603148,2.90995463402e-05,-0.0178894535038

y13x53,-0.00210827520562,2.57617156155e-06,-0.0178631367798

y28x59,-0.00330505720839,8.72680343456e-05,-0.0318134259219

y13x50,-0.000228189543873,1.78139309119e-05,0.00426830655044

y10x62,-0.0017377354032,0.000152330412321,-0.0316478226816

