14
left
x_pos
y13x59,-0.000979613778229,0.000146550663916,-0.00909377274861

y22x47,-0.00115277710856,0.000176832587768,-0.00389672698542

y16x56,0.000423202805058,7.28037297841e-05,0.00946594288048

y28x38,-0.00202871641357,0.000102504758777,-0.00479505169161

y19x50,-0.000367704546741,9.82443861385e-05,-0.00103920353438

y19x38,-0.00310804936602,-6.60762186733e-05,-0.0152713681083

y19x53,-0.00120330594959,0.00014403010862,-0.00674720684049

y22x44,-0.00274271879062,0.000204251816969,-0.0143862096273

y19x56,-0.00108865457477,0.000195116549605,-0.00484957304463

y22x62,-0.00191807788816,0.000224250213567,-0.0135130985221

y13x56,-0.0013351314641,5.77298668093e-05,-0.00343089100053

y19x59,-0.000207536981835,0.000235013869663,0.00320641356105

y16x50,-0.00107729276172,7.22868436952e-05,-0.00638324635065

y10x56,-0.00109307022628,0.000219998782624,-0.0128303437038

y22x65,0.000326385081118,0.000266597769936,0.0131191810715

y10x41,-0.00294545903803,4.86872413944e-05,-0.0143750321726

y13x65,-0.000166164432013,0.000236740276095,-0.00438383762467

y10x65,0.00167916011358,0.000237044692852,0.0149468073195

y10x44,-0.00290620239073,6.19026426345e-05,-0.014060843861

y13x62,0.000829606848507,0.000276222068323,0.0111328766092

y25x59,-0.00255359813177,0.000204622017333,-0.0160708000505

y10x47,-0.00120945719368,-1.0847974045e-05,-0.00319506013426

y25x56,-0.0021852198703,0.000104052699565,-0.0129072296701

y25x53,-0.000342051313292,0.000100977913878,0.000841672455591

y25x50,-0.000693527768048,9.85087422651e-05,-0.00113094268347

y28x41,-0.00310209503274,0.000128629909222,-0.0126018989529

y16x38,-0.00175914652263,1.396854014e-05,-0.00386859580813

y28x47,-0.00163635351691,0.00019729507622,-0.00251448878727

y28x44,-0.00352301848016,0.000178317874147,-0.0115135276698

y13x44,-0.00236637587173,5.5952132426e-05,-0.010523354054

y13x47,4.60677363065e-05,-2.56001195891e-05,0.003134331297

y16x41,-0.00185734515548,4.21463191732e-05,-0.00547757027697

y13x41,-0.00196822030864,-3.6533468905e-05,-0.0037563344333

y16x47,0.000309428629866,6.32137315364e-05,0.00379468349879

y16x44,-0.00150659183139,-1.82406334527e-05,-0.00543427804892

y16x65,-0.000134248355058,0.000295999893439,-0.00110789659394

y28x62,-0.00131979915982,0.000259775354503,0.000554268010664

y28x65,-0.000698943740255,0.000319300606954,0.00742188870195

y19x65,-0.000600878137089,0.000239356075998,-0.00316900885855

y22x53,-0.000783246417707,0.000167955922072,-0.00318606059482

y22x50,-0.000417754616407,0.000102126936897,-0.00114942978286

y22x56,-0.00137721126744,0.00017741351636,-0.004040332891

y19x62,-6.35730538821e-05,0.000233710638972,0.00601387870095

y19x47,-0.000992133851184,0.000128937829133,-0.0050909925658

y25x62,7.84318483552e-05,0.000275902670092,0.010043969814

y19x44,-0.00292133051338,9.14705594623e-05,-0.0147693775762

y19x41,-0.00258389848521,1.97676416129e-05,-0.00833277448582

y22x38,-0.00277302649298,2.64942223448e-05,-0.0145115096542

y25x41,-0.00236031050112,0.000118981552371,-0.0115588722281

y25x65,-0.000428334109122,0.000304076777087,0.00592263112202

y25x44,-0.00283745805903,0.00013104253548,-0.0107386760373

y16x62,0.000166702750315,0.00013527802142,0.00579991047752

y10x59,-0.000145048589468,0.000232826985116,-0.00244937384369

y25x47,-0.0019076134763,0.000233094837557,-0.00872366618808

y22x41,-0.00328808162428,8.92037306692e-05,-0.0144313726006

y22x59,-0.00108423759514,0.000208734590577,-0.00238722136643

y10x53,0.000771449833792,0.000148452438332,0.00346417174479

y10x50,0.000470945976617,-3.47930172432e-05,0.00520875768307

y16x59,-0.000795208692725,5.71983594301e-05,-0.00151803840794

y10x38,-0.00213402738864,5.2301026718e-05,-0.0164438620881

y28x56,-0.00202584754331,0.000132478717734,-0.011645014589

y28x50,-0.00102840789794,0.000122617560245,-0.000726756941626

y28x53,-0.00134394030618,0.000133462370999,-0.00764760025898

y25x38,-0.00155591850567,0.000200988367797,-0.00560114939948

y13x38,-0.00203892662263,-5.56731609453e-06,-0.00552484781407

y16x53,-0.00192759865828,2.68874944212e-05,-0.0135318956637

y13x53,-0.00202968087576,-4.03558847054e-06,-0.0129842622545

y28x59,-0.00318698836047,0.000110499550854,-0.0230830882789

y13x50,-0.000331352086124,2.76339092213e-05,0.00265742665563

y10x62,-0.00174560685611,0.000205586999059,-0.0234392348451

