25
left
x_pos
y13x59,-0.00114027838029,9.30719263934e-05,-0.0180790746172

y22x47,-0.00126936913936,9.80857127599e-05,-0.00863910565892

y16x56,0.000589882979902,5.60714184368e-05,0.0181177320303

y28x38,-0.00188821146222,4.74029460148e-05,-0.00706255211922

y19x50,-0.000286963384081,5.76789498061e-05,-0.00318664259922

y19x38,-0.00323703462884,-4.13383818922e-05,-0.0269152111733

y19x53,-0.00109485192379,7.57216149916e-05,-0.0100596274651

y22x44,-0.00267303565603,0.000106649826593,-0.0253998507987

y19x56,-0.00120121824119,0.000109191426924,-0.0101656082814

y22x62,-0.00213463159702,0.000123743312641,-0.0273407479072

y13x56,-0.00118207050922,3.49843235314e-05,-0.00530040806422

y19x59,-0.000118277170679,0.000137866738209,0.00907677370872

y16x50,-0.00121353364524,3.40646377318e-05,-0.0119781257882

y10x56,-0.0011239460015,0.000124614433837,-0.0241342900132

y22x65,0.000368302020069,0.000158164842997,0.0226721903606

y10x41,-0.00300025320808,3.23740406231e-05,-0.0265433139664

y13x65,-0.000135316839746,0.000128475785396,-0.00597989962483

y10x65,0.00182719563286,0.000144782551302,0.0321962807843

y10x44,-0.00278929476421,3.90042109882e-05,-0.0244541080964

y13x62,0.00108649992059,0.000159361717552,0.0211757764669

y25x59,-0.00234767478019,0.000108381362442,-0.025041746721

y10x47,-0.00105063480255,2.56866428384e-07,-0.00504242491627

y25x56,-0.00229616728714,6.84912796063e-05,-0.0244825460639

y25x53,-0.000510137986672,5.53047619843e-05,-0.000413791590294

y25x50,-0.000717820865471,6.01723221951e-05,-0.00200481641811

y28x41,-0.00317080291347,7.25077549482e-05,-0.0209501558979

y16x38,-0.00172725200331,8.83396827401e-06,-0.00821406336166

y28x47,-0.00167303957616,0.000113259983449,-0.00599192892896

y28x44,-0.00354854685709,0.000100363228461,-0.0213087207371

y13x44,-0.0024631518365,3.91401012797e-05,-0.0199939365229

y13x47,1.52469641843e-06,-1.78572006239e-05,0.0062846607774

y16x41,-0.00193199740584,2.95315954719e-05,-0.0113769987862

y13x41,-0.00203264207796,-2.84161064247e-05,-0.00556853415476

y16x47,0.000245167798935,3.55653637747e-05,0.00667556058388

y16x44,-0.00148392558917,-1.1039622576e-05,-0.00837883059151

y16x65,-0.000150086747751,0.00016130967606,-0.00179993094421

y28x62,-0.00127915795,0.000150476370752,0.00250255664202

y28x65,-0.000622209837429,0.000181202891349,0.0144063658695

y19x65,-0.000547130071792,0.000128511191557,-0.00329994658331

y22x53,-0.000552035695797,9.63799576554e-05,-0.00141512147984

y22x50,-0.000188135720582,5.84573348628e-05,0.000327993834847

y22x56,-0.00148397935116,0.000109862731521,-0.00881903398548

y19x62,-0.00020090965891,0.000125945461969,0.0102114537028

y19x47,-0.00118971276003,7.38858335341e-05,-0.0102535729945

y25x62,-6.95609589557e-05,0.000156492816687,0.0166308158644

y19x44,-0.00293300854201,5.72011780639e-05,-0.026438051822

y19x41,-0.00264489114841,6.49376522969e-06,-0.0150150203513

y22x38,-0.00278792135329,1.41289283206e-05,-0.0253287410536

y25x41,-0.00248670027727,6.3991995466e-05,-0.0199416993431

y25x65,-0.000520031766244,0.000170654865358,0.00898426699032

y25x44,-0.00320059901653,7.43380284598e-05,-0.0218732489079

y16x62,0.000142032556282,7.89596043672e-05,0.00885510013011

y10x59,-9.70932279019e-05,0.000133546768804,-0.00224951203376

y25x47,-0.00194178750031,0.000129519176821,-0.0156319162434

y22x41,-0.00342036747886,5.17423185065e-05,-0.0252141932037

y22x59,-0.00103424531294,0.000121095922448,-0.00351798569714

y10x53,0.000600588088508,8.41208941318e-05,0.00477511017896

y10x50,0.000491201773263,-1.20649162178e-05,0.00969803748936

y16x59,-0.000939473729582,3.46527451647e-05,-0.00317157450487

y10x38,-0.00205605691524,3.01207055411e-05,-0.0286826872132

y28x56,-0.00203942716259,7.70965602304e-05,-0.0186423433171

y28x50,-0.000982024861696,6.51417530732e-05,-0.00138478135781

y28x53,-0.00122215294287,7.18681301037e-05,-0.0117845542836

y25x38,-0.00164214737171,0.000112604353364,-0.00956225644767

y13x38,-0.00198196536462,-7.71525644775e-06,-0.00850827759476

y16x53,-0.00190188659704,1.98951647711e-05,-0.0232814950396

y13x53,-0.00220287619169,9.73319501736e-06,-0.0250686499918

y28x59,-0.00330039580142,6.50780443136e-05,-0.0408910523132

y13x50,-0.000171195703552,1.08359421077e-05,0.00722405591669

y10x62,-0.00187215099533,0.000114582143021,-0.040700448324

