27
left
x_pos
y13x59,-0.00116335359946,8.50838415959e-05,-0.0201350498193

y22x47,-0.00129622587969,9.14551295708e-05,-0.0102954856967

y16x56,0.000694705646136,5.28624248042e-05,0.0211107429879

y28x38,-0.00187500069721,4.49139355965e-05,-0.00733487922461

y19x50,-0.00031526139276,5.16068773954e-05,-0.00393871951993

y19x38,-0.00330079974533,-4.23472652955e-05,-0.0291127862189

y19x53,-0.0010391960259,7.10773167892e-05,-0.010071062482

y22x44,-0.00267631916647,0.000100135656563,-0.0279187748079

y19x56,-0.00120143362156,0.00010248909252,-0.01054472625

y22x62,-0.00219012147625,0.000114926507887,-0.0296476399078

y13x56,-0.00117451368681,3.11261287935e-05,-0.00639963708913

y19x59,-1.76893893155e-05,0.000126090368035,0.0119656609717

y16x50,-0.00132123741078,2.92547312926e-05,-0.0142047368534

y10x56,-0.0011055427339,0.00011672011008,-0.0252505337223

y22x65,0.000434381561422,0.000146951502449,0.0264041467405

y10x41,-0.00302151073557,2.8800448497e-05,-0.0283694687785

y13x65,-0.00010089219109,0.000119468065781,-0.005781975239

y10x65,0.00184179601861,0.000134813568961,0.0346418133516

y10x44,-0.0028342902315,3.13205557314e-05,-0.0262620436892

y13x62,0.00103618440947,0.000146327866219,0.0224119483613

y25x59,-0.00232029501171,0.000104849192497,-0.0269391264258

y10x47,-0.00107894128351,1.60017151992e-06,-0.00569589561692

y25x56,-0.00225616800065,6.24546224391e-05,-0.0260236515549

y25x53,-0.000536892249713,4.83217031228e-05,-0.0011064663483

y25x50,-0.00072200736063,5.59174713732e-05,-0.0019392239874

y28x41,-0.00317329142485,6.57593315106e-05,-0.0226209379985

y16x38,-0.00168876082096,1.15793543073e-05,-0.00861968844796

y28x47,-0.00170371216616,0.000105116977759,-0.00670001176718

y28x44,-0.00351071901546,9.07595930649e-05,-0.0226153489913

y13x44,-0.00251485375372,3.86158730655e-05,-0.0221926272773

y13x47,1.42572864752e-05,-1.76762140402e-05,0.00767495981525

y16x41,-0.00189268288375,2.88274684991e-05,-0.0119672137394

y13x41,-0.00203327530508,-2.42852623236e-05,-0.00638577329398

y16x47,0.00026000932273,3.55326933737e-05,0.00771088542861

y16x44,-0.00146431872236,-1.36142849583e-05,-0.00856611518868

y16x65,-0.000167348986385,0.000151133564731,-0.00213966598623

y28x62,-0.00123552489289,0.000140605225661,0.00368065452487

y28x65,-0.000624023224275,0.0001690385607,0.0156358995269

y19x65,-0.000611077073449,0.00011839335441,-0.0050930896143

y22x53,-0.000559966328744,9.22040323653e-05,-0.00202326118396

y22x50,-0.00013193325741,5.53630374841e-05,0.00170325531928

y22x56,-0.00157912288314,9.98510834117e-05,-0.01141866261

y19x62,-0.000220011346035,0.000117508438641,0.0108424991743

y19x47,-0.0011601831159,6.98034357637e-05,-0.0110959837606

y25x62,3.48038617269e-06,0.000146731716396,0.0195888376235

y19x44,-0.00299491750848,5.32541212822e-05,-0.0283188167381

y19x41,-0.00261655593281,6.15667205194e-06,-0.0158249833147

y22x38,-0.00280189766809,1.41956206906e-05,-0.0273195897257

y25x41,-0.00249843115664,5.84576074368e-05,-0.02168303414

y25x65,-0.000577486616459,0.000158634978118,0.00868956243695

y25x44,-0.00322200785925,6.95450558521e-05,-0.0234015478056

y16x62,8.60682006309e-05,6.98624692906e-05,0.0095181458557

y10x59,-0.000130226934065,0.00012394407582,-0.00276611571876

y25x47,-0.00196424930232,0.000117561234464,-0.0166637248118

y22x41,-0.0034328259009,4.81006121692e-05,-0.0274701103837

y22x59,-0.000992540797415,0.000112286297787,-0.00336467759758

y10x53,0.000597640384116,7.80442827398e-05,0.00495193015155

y10x50,0.000492877938009,-1.05658075239e-05,0.0102057648193

y16x59,-0.000942854291436,3.06937542432e-05,-0.00330478078068

y10x38,-0.00211817046494,2.72383046037e-05,-0.0310987204823

y28x56,-0.00206006676919,6.99849551666e-05,-0.020968421307

y28x50,-0.00102749748585,6.0968879305e-05,-0.0015687920803

y28x53,-0.00122925923409,6.50831421183e-05,-0.0127976703741

y25x38,-0.00161695290087,0.000105534458107,-0.0107086588575

y13x38,-0.00198139779624,-5.9242420727e-06,-0.0091361239595

y16x53,-0.0018978510827,1.46657994265e-05,-0.0245946713362

y13x53,-0.00221340396326,9.99458930032e-06,-0.0263340530707

y28x59,-0.00325602192323,6.10464796573e-05,-0.0440670210796

y13x50,-0.000156548049878,1.19414416084e-05,0.00805103220651

y10x62,-0.00187664169136,0.000105608774528,-0.0446574441461

