23
left
x_pos
y13x59,-0.00108668299243,0.000101029077628,-0.0163028632621

y22x47,-0.00125133489291,0.000106012790909,-0.00780516582921

y16x56,0.000453980756879,5.99529750834e-05,0.0144905898545

y28x38,-0.00187380165561,5.16171849188e-05,-0.00668993657639

y19x50,-0.000232018599087,6.45860755645e-05,-0.00220403680314

y19x38,-0.00322516430374,-4.16571523989e-05,-0.0246702950347

y19x53,-0.00111666991178,8.42157831529e-05,-0.00963773927904

y22x44,-0.00275053761813,0.000117182875687,-0.0240199870256

y19x56,-0.00127985378801,0.000117049252681,-0.0104364725597

y22x62,-0.00205774297378,0.000135961899174,-0.0234826523541

y13x56,-0.00118353346346,3.70355246491e-05,-0.00485328406981

y19x59,-0.000155113973745,0.000146068557683,0.00697120247326

y16x50,-0.00112710525936,3.75210116407e-05,-0.0105574591388

y10x56,-0.00116817865897,0.000136584637116,-0.0229868512217

y22x65,0.000267060149178,0.000172174628157,0.0188896057526

y10x41,-0.00292755730167,3.00917858715e-05,-0.0236680296917

y13x65,-0.000100909023243,0.000140024316777,-0.00545004702803

y10x65,0.001852346973,0.000156645196284,0.0288016811975

y10x44,-0.0028339674556,4.19603093264e-05,-0.0230630833175

y13x62,0.00107301007045,0.000174097579316,0.0195027785604

y25x59,-0.00234632371623,0.000118137825043,-0.0232218607197

y10x47,-0.00113336442292,-9.78925087245e-07,-0.00497711434354

y25x56,-0.00226749996928,7.29416278759e-05,-0.0218348112687

y25x53,-0.000500562419152,5.96553047325e-05,-0.000678849458872

y25x50,-0.000686653766848,6.60536587623e-05,-0.00199636230352

y28x41,-0.00325410738968,7.94210914196e-05,-0.0197607501482

y16x38,-0.00176904420509,9.70576655257e-06,-0.00794089248533

y28x47,-0.0017044060824,0.000122189231041,-0.0053287990589

y28x44,-0.0035172367809,0.000110720109751,-0.0198616466914

y13x44,-0.00244952810018,4.30188307581e-05,-0.0181692578514

y13x47,4.80523574759e-05,-1.70726134414e-05,0.00572834476862

y16x41,-0.00193132523176,3.2477069386e-05,-0.0105819748627

y13x41,-0.00199674386339,-2.84454812897e-05,-0.00522334062997

y16x47,0.000218209069349,3.79224783214e-05,0.00587669255008

y16x44,-0.00154406808882,-7.62895392879e-06,-0.00859214513383

y16x65,-0.000137061103486,0.000173722419379,-0.00208316394582

y28x62,-0.00126562625022,0.000162295544157,0.00168867030283

y28x65,-0.00066372829882,0.0001957633595,0.0122636856951

y19x65,-0.000535756047843,0.000136605879493,-0.0026777685529

y22x53,-0.000541534460383,0.000103719653368,-0.00152160419046

y22x50,-0.000261942264378,6.18961753551e-05,-0.000361135289199

y22x56,-0.00140089113792,0.000119427421068,-0.00743382229857

y19x62,-0.000128120024838,0.000137872956524,0.00999750890331

y19x47,-0.0011576034242,7.74040530659e-05,-0.00890587786573

y25x62,-0.000109295524633,0.000169164232693,0.0147095390677

y19x44,-0.00296139725721,6.06693782486e-05,-0.0243806473463

y19x41,-0.00257373681798,8.64550121545e-06,-0.0135753270227

y22x38,-0.00279717608103,1.47082473078e-05,-0.0235404820164

y25x41,-0.00246828775145,6.91146873911e-05,-0.0183710997299

y25x65,-0.000486521879644,0.000186434160997,0.00879003786569

y25x44,-0.00312393933964,8.16691086613e-05,-0.0196132127515

y16x62,0.000167293535696,8.74752962547e-05,0.00928809080482

y10x59,-0.000133360516663,0.000144579804947,-0.00224638722103

y25x47,-0.0019055666614,0.000140283424166,-0.0139502317473

y22x41,-0.00334827839491,5.69937041854e-05,-0.0229352030495

y22x59,-0.000957923665037,0.000128891430836,-0.0023348465942

y10x53,0.000631997554652,8.99984004316e-05,0.00474599695143

y10x50,0.000557138176931,-1.44851924984e-05,0.00927186484515

y16x59,-0.00095354582936,4.09606477291e-05,-0.00355084074776

y10x38,-0.00205027494841,3.46026876199e-05,-0.0268175680516

y28x56,-0.00203748658116,8.23216403672e-05,-0.0168790410418

y28x50,-0.000985636496065,7.14729251705e-05,-0.00150313075904

y28x53,-0.00121278072922,7.97031290523e-05,-0.0107948471018

y25x38,-0.00161355848282,0.000121910973577,-0.00857851067746

y13x38,-0.0018940955989,-8.76816405567e-06,-0.00738338226144

y16x53,-0.00187835705367,2.39114765002e-05,-0.0213291377226

y13x53,-0.00220534975209,7.89146576887e-06,-0.0231165156987

y28x59,-0.00330103502719,7.14610338892e-05,-0.0379014626882

y13x50,-0.000171780588991,8.7201839362e-06,0.0067222930737

y10x62,-0.00190537966256,0.000123901697986,-0.0389995123375

