3
left
x_pos
y13x59,-0.00026450454666,0.000455779573859,0.000242416400222

y22x47,-0.000552388344082,0.000824574056832,-0.000488808566526

y16x56,3.31068076733e-05,-4.09501199677e-05,0.00174799165082

y28x38,-0.00242940679408,0.000445787444445,-0.00101333023107

y19x50,-0.000971668615985,0.000276746745583,-0.000278868934755

y19x38,-0.00279135312821,-0.000339562873607,-0.00269831219031

y19x53,-0.00115585358182,0.000555786229915,-0.0014746490677

y22x44,-0.00298214817525,0.000977203315035,-0.00314603536929

y19x56,-0.00105584690826,0.000984796610965,-0.00153651630851

y22x62,-0.00225329438866,0.000970846483564,-0.00307831152153

y13x56,-0.000917817235952,9.50638139287e-05,0.000494234008106

y19x59,0.00102565260167,0.0011969083893,0.00292010735676

y16x50,-0.0017878240108,1.71305561039e-05,-0.00218064244897

y10x56,-0.00135627394943,0.000978037743326,-0.00291517753006

y22x65,0.000132905153835,0.00139588897144,0.00281524267773

y10x41,-0.00284453774793,0.000277720321085,-0.00322337437508

y13x65,-0.000466327137046,0.00127519494173,-0.00112730559781

y10x65,0.00128464597549,0.00104069468223,0.0021323489258

y10x44,-0.00261140683824,0.000529042062822,-0.00393856160322

y13x62,0.000286607005272,0.00097773391256,0.00120207270915

y25x59,-0.00218472388611,0.00106114336186,-0.00211164632413

y10x47,-0.000279019316368,0.000254155748406,-0.000246276754929

y25x56,-0.00285136018407,0.000574333044506,-0.00379912778089

y25x53,-0.00070253582348,0.000628667104217,-0.000215460267718

y25x50,-0.000349066393989,0.000461173570143,0.00062554391979

y28x41,-0.0028917309823,0.0004268675949,-0.00250283985429

y16x38,-0.00140672809971,-0.000160584274881,0.000264025276214

y28x47,-0.00143307734888,0.000978677502834,-0.000328921648973

y28x44,-0.00350410458334,0.000823886987848,-0.00274062398849

y13x44,-0.00162821084734,2.7418751697e-05,-0.00195213415383

y13x47,-0.000271366678523,-0.000134452851623,0.000417026780346

y16x41,-0.00168981825839,-0.000142798835555,-0.000238814869704

y13x41,-0.00167888906386,-5.32566510795e-05,-0.000692544781009

y16x47,1.24288390436e-05,0.000123458831967,0.000860167745976

y16x44,-0.00115566287461,-0.00037144144828,-0.000435436336164

y16x65,1.87026413192e-05,0.00145963615476,-0.000275884506262

y28x62,-0.00191587578989,0.00102407690126,-0.00125153205379

y28x65,-0.000945983616108,0.00157678207772,0.000867176141194

y19x65,-0.000244321600751,0.000989288760489,-4.95293123167e-05

y22x53,-0.00081367628662,0.000831625759634,-0.000552385084347

y22x50,-0.000169279299217,0.000329118659452,2.1485857608e-05

y22x56,-0.00146717497736,0.000579219173124,-0.000986836730995

y19x62,0.000138339482782,0.00109627862103,0.00119542402685

y19x47,-0.00103059312989,0.000494001322942,-0.000462149715275

y25x62,1.3472871226e-05,0.00116134567728,0.00231318020613

y19x44,-0.00279514699501,0.000545799231242,-0.00325018641285

y19x41,-0.00280930184938,-0.000106650884599,-0.000701107214485

y22x38,-0.00273383942871,0.000236946860246,-0.00327831151871

y25x41,-0.00222490617201,0.000533829249238,-0.00233744410789

y25x65,-0.000436892437719,0.00143109469922,0.001273168716

y25x44,-0.00224090200814,0.000693575167694,-0.00156844313308

y16x62,-0.000429808396124,0.00053632989435,-3.09273979084e-05

y10x59,0.00023497962422,0.0008606631632,-0.000902365364959

y25x47,-0.00231660248511,0.00113533294385,-0.00240672122481

y22x41,-0.00361745556436,0.000581600263059,-0.00363560494926

y22x59,-0.00101900622077,0.00115467048616,-0.000475275179508

y10x53,0.000837692737459,0.000597868445501,0.00125661650571

y10x50,0.000298013911793,-0.000142522875688,0.000794325607764

y16x59,-0.000167973448137,0.000200622584795,0.00146565859329

y10x38,-0.00193992786998,-0.000182262293893,-0.00249197557726

y28x56,-0.00183167456141,0.000471765726524,-0.00256840328621

y28x50,-0.00160197187176,0.000720731587008,-0.000733971467154

y28x53,-0.00148421968202,0.000612158389315,-0.00148460521551

y25x38,-0.00158096278737,0.000921483016961,-0.00180713446016

y13x38,-0.00146516237743,4.11553257901e-05,-0.000527858709042

y16x53,-0.00223446946107,2.94844612925e-05,-0.00275362132841

y13x53,-0.00153958292937,1.55476743099e-06,-0.00254963886329

y28x59,-0.00319291479218,0.000306106494679,-0.00540682019942

y13x50,-0.00109964469597,0.000247679180999,-0.000955457024858

y10x62,-0.000792429735947,0.0011627817569,-0.00333685905086

