26
left
x_pos
y13x59,-0.00113153271079,8.97296889391e-05,-0.0191031585077

y22x47,-0.0013030012312,9.5420260071e-05,-0.00952918730554

y16x56,0.000639168905406,5.28869475372e-05,0.0194598516746

y28x38,-0.00189228437584,4.6254081164e-05,-0.00735981138209

y19x50,-0.000312549558182,5.41001170768e-05,-0.00359258767483

y19x38,-0.00324430503047,-4.10228733308e-05,-0.028175847873

y19x53,-0.00107750927765,7.25634581449e-05,-0.0103713930555

y22x44,-0.00266615369253,0.000103290571801,-0.0264422316396

y19x56,-0.00120757950388,0.000107189705157,-0.0103101732995

y22x62,-0.00218871393568,0.00011966017455,-0.028945520953

y13x56,-0.00116869789789,3.27684116167e-05,-0.00559859252925

y19x59,-4.94352100012e-05,0.000131823353254,0.0106495067802

y16x50,-0.00127095850077,3.02944818151e-05,-0.0130235386052

y10x56,-0.00110798399687,0.000120259824463,-0.0245037679307

y22x65,0.000409379358831,0.000152294441459,0.0246320407012

y10x41,-0.00302185211064,3.09982296166e-05,-0.0277594295669

y13x65,-0.0001174997865,0.000123333224855,-0.00594169608695

y10x65,0.00184219713964,0.000139023595795,0.0331908520969

y10x44,-0.00281865452315,3.36666717375e-05,-0.0254466520286

y13x62,0.00108273921197,0.000152333142161,0.0220301868773

y25x59,-0.00233650575363,0.000106578094882,-0.0258592057185

y10x47,-0.00107586428947,6.96047955822e-07,-0.00538628252606

y25x56,-0.00228569471062,6.45076453019e-05,-0.0253454507192

y25x53,-0.00051255054809,5.08916638661e-05,-0.000246568986639

y25x50,-0.000723861527964,5.77461613927e-05,-0.00208110628401

y28x41,-0.00320670605564,6.96898912518e-05,-0.0221864592331

y16x38,-0.00169681357677,9.62540307496e-06,-0.00835137571196

y28x47,-0.00168932015844,0.000108936922654,-0.00652094333552

y28x44,-0.00357078217966,9.52671988165e-05,-0.0220599500511

y13x44,-0.00252924771312,3.83846238784e-05,-0.0212229643917

y13x47,3.03980453299e-05,-1.83083620513e-05,0.00713718434812

y16x41,-0.00189765879985,2.9476135566e-05,-0.0115760046771

y13x41,-0.00203457034789,-2.56984230371e-05,-0.00594332354102

y16x47,0.000255410300162,3.36958275758e-05,0.00723933216645

y16x44,-0.00148512977932,-1.21601202999e-05,-0.00842426945417

y16x65,-0.000167431829927,0.00015719011622,-0.00223390286171

y28x62,-0.00127954325866,0.000144712709635,0.00280769497092

y28x65,-0.000642010350432,0.000175271098772,0.0144153909691

y19x65,-0.000573654950644,0.000122600381322,-0.00369919608392

y22x53,-0.000579284933425,9.37405948965e-05,-0.00221332437507

y22x50,-0.000151976082811,5.48693026339e-05,0.00123279607183

y22x56,-0.00151421882459,0.000104780133536,-0.0101726121891

y19x62,-0.000222674179199,0.00012215223161,0.0106204308417

y19x47,-0.00116034221457,7.18021504488e-05,-0.0105867899629

y25x62,-3.25087527708e-05,0.000152061075375,0.0179073762024

y19x44,-0.00297442161545,5.44401571379e-05,-0.0273104841289

y19x41,-0.00264034457107,6.38284621237e-06,-0.0153078214445

y22x38,-0.00278542125155,1.38984645732e-05,-0.0264059119846

y25x41,-0.00250308592737,6.20297974594e-05,-0.0209790101047

y25x65,-0.000559512194357,0.000164279890305,0.00891016808374

y25x44,-0.00322825784333,7.27601449909e-05,-0.0226895375842

y16x62,0.00011449178122,7.47591626059e-05,0.0089636130569

y10x59,-0.00013664833514,0.000128633030049,-0.00273966136829

y25x47,-0.00195483305292,0.000122872454574,-0.0160926765108

y22x41,-0.00343236522679,4.99497035377e-05,-0.0260964521096

y22x59,-0.00101664219439,0.000116730087036,-0.00344563660728

y10x53,0.000604668200031,8.02991137423e-05,0.00506465149122

y10x50,0.000487621892346,-9.93641296258e-06,0.0100533079937

y16x59,-0.000965368968716,3.29781060351e-05,-0.00360895541555

y10x38,-0.00208462856938,2.90752756288e-05,-0.0301076044901

y28x56,-0.00203690607916,7.35140650182e-05,-0.0195663917628

y28x50,-0.00101163041705,6.31261030216e-05,-0.00162965951844

y28x53,-0.00125048397838,6.86563714006e-05,-0.0127591506486

y25x38,-0.00161619787338,0.000109966576114,-0.0103550308026

y13x38,-0.00197531259868,-6.87523035515e-06,-0.00879220943342

y16x53,-0.00188594892701,1.71500280439e-05,-0.023934126722

y13x53,-0.00222442951513,1.04537845001e-05,-0.0258349483433

y28x59,-0.00329311437127,6.30389756953e-05,-0.0424819702394

y13x50,-0.000179024907797,1.21093146314e-05,0.00738865633238

y10x62,-0.00187137846026,0.000110291409673,-0.0425641749833

