7
left
x_pos
y13x59,-0.000658218553477,0.000229196165593,-0.00257577093629

y22x47,-0.000891464532547,0.000364852371551,-0.00157629638336

y16x56,0.000680192691496,7.18715072387e-05,0.00519071692705

y28x38,-0.00232120803178,0.000229002236496,-0.00289813682583

y19x50,-0.000666470368129,0.000177084010397,-0.0013381456137

y19x38,-0.00264991021112,-0.000182807940843,-0.00672314377228

y19x53,-0.00127084246633,0.000265943104831,-0.00346924655007

y22x44,-0.00274728077796,0.000410289364365,-0.00724400369848

y19x56,-0.000965173379313,0.000399735918623,-0.00214142431724

y22x62,-0.00206535759418,0.000410425229125,-0.00681385786847

y13x56,-0.00105215035316,9.85424003718e-05,0.000205751605786

y19x59,0.000260744711185,0.000516606890995,0.00356326069514

y16x50,-0.00110578347242,0.000118495083894,-0.00382282925988

y10x56,-0.00109041589739,0.000416975661984,-0.00604907372423

y22x65,0.000667370087367,0.000515675948954,0.00832022655167

y10x41,-0.00311089328502,0.000103524327265,-0.00804482690029

y13x65,-0.00021440473382,0.000489953418506,-0.00193399514345

y10x65,0.00137764084437,0.000435430006937,0.00584397705823

y10x44,-0.00272227704357,0.000193382121334,-0.0078149144356

y13x62,0.00059986223873,0.000500889688191,0.00508273523599

y25x59,-0.00237569268944,0.000422306610825,-0.00712525942509

y10x47,-0.00123741202514,1.36855647663e-05,-0.00206032534182

y25x56,-0.00247715973702,0.000205462264497,-0.00731580309501

y25x53,-0.000288760682918,0.000211236964637,0.000863775068368

y25x50,-0.000617584499938,0.0002142526585,-0.000477529583334

y28x41,-0.0029490223006,0.0002132088381,-0.0059145699241

y16x38,-0.00156078094779,1.64765264634e-05,-0.00123564150923

y28x47,-0.00183302162301,0.000420162637185,-0.00184108554831

y28x44,-0.00340345854712,0.000359957709152,-0.00635016739296

y13x44,-0.00232352626571,9.57837018006e-05,-0.00507032411784

y13x47,-0.000139198785114,-6.5313217902e-05,0.00152790721963

y16x41,-0.0016034823089,2.95722854376e-05,-0.00221930817387

y13x41,-0.00168174014237,-4.24237134063e-05,-0.00165568461378

y16x47,0.000347815025466,0.000176055322354,0.00198262888142

y16x44,-0.00130725994709,-0.000139521354551,-0.00152546916788

y16x65,-4.73570051443e-05,0.000572554416459,-0.00047776659638

y28x62,-0.00137087598824,0.000491477398373,-0.000492991593264

y28x65,-0.000794365564088,0.000659773782355,0.00288992110381

y19x65,-0.000378690049343,0.000443017949834,-0.00115751714328

y22x53,-0.00078738623499,0.000346746124657,-0.00108454350465

y22x50,-0.000416542800193,0.000217810799106,-0.00101758061655

y22x56,-0.0015978649653,0.000325457423697,-0.00244664618415

y19x62,-0.000163037730992,0.00045075559279,0.00320219887739

y19x47,-0.000915814651582,0.000264606742647,-0.00194732432261

y25x62,0.000504610447635,0.000570748238137,0.00686558101714

y19x44,-0.00304733472602,0.000167870646468,-0.00757140716719

y19x41,-0.0025418216607,-3.52240203218e-05,-0.00357525298365

y22x38,-0.00282979094985,9.07191489932e-05,-0.00769879258043

y25x41,-0.00239377499093,0.000248039110434,-0.00614850230512

y25x65,-0.00064822906567,0.0006150090742,0.00168770303178

y25x44,-0.00279130029104,0.000263622963721,-0.00541134019221

y16x62,-0.000218316732484,0.000228108855051,0.00168000316075

y10x59,-9.52225645469e-05,0.00040955441547,-0.00191339936239

y25x47,-0.00196217236286,0.000490091405581,-0.00470177352616

y22x41,-0.00329101756218,0.00021340390804,-0.00674786250638

y22x59,-0.00115155114085,0.000462870499779,-0.00132942697872

y10x53,0.000703453274916,0.000288133051359,0.00169007069413

y10x50,0.000205879794131,-7.77550855951e-05,0.00205654211884

y16x59,-0.000501454958951,6.33815348501e-05,0.00176304135095

y10x38,-0.00216169715045,3.96109781304e-05,-0.00724906430993

y28x56,-0.00212655352378,0.000276281603201,-0.00644630492072

y28x50,-0.00109540228744,0.000261194256088,-0.000499594230859

y28x53,-0.00146235513198,0.000264129250273,-0.00419859063207

y25x38,-0.00161210906722,0.000377743869811,-0.00300079433011

y13x38,-0.00203921912221,-9.54326930423e-06,-0.00245973292324

y16x53,-0.00170038798414,4.44428324798e-05,-0.00600363041253

y13x53,-0.00195462269576,1.26302307911e-05,-0.00598290366113

y28x59,-0.00315821467792,0.000224973877074,-0.0112442016069

y13x50,-0.000799298958159,4.04530830899e-05,0.000286672908291

y10x62,-0.00152988554314,0.000435540828553,-0.011205606353

