10
left
x_pos
y13x59,-0.000835373103833,0.000165654315317,-0.00523569944098
y22x47,-0.00100290268748,0.000236611799597,-0.0018576970797
y16x56,0.000715171710692,6.65811274998e-05,0.0077996669268
y28x38,-0.00203890450017,0.000143059605518,-0.00341720637608
y19x50,-0.000592716325012,0.00012444134438,-0.00128084371619
y19x38,-0.0029422264341,-9.80440732333e-05,-0.0105727514419
y19x53,-0.0011543956375,0.000177222412176,-0.00444873086301
y22x44,-0.0025837890796,0.000262768800578,-0.00993154026348
y19x56,-0.00102063279913,0.000272580272333,-0.00360684114752
y22x62,-0.00199831913725,0.000320388598376,-0.010390781949
y13x56,-0.00120974947112,0.000100000703579,-0.00142218002101
y19x59,0.000104776106983,0.000350888837391,0.00430861935463
y16x50,-0.00109118133819,0.000100526455722,-0.00532242573105
y10x56,-0.000994007095951,0.000300067735455,-0.00885224832875
y22x65,0.000543908425384,0.000370933459063,0.0117531460957
y10x41,-0.0029339013037,7.58677477925e-05,-0.0107877164706
y13x65,-0.000186239766684,0.000337062318141,-0.00270578121989
y10x65,0.00163904805077,0.000327258181807,0.0098053533837
y10x44,-0.00276769664152,0.000110020042581,-0.0100674051365
y13x62,0.000600214289272,0.000383618395002,0.00653329506224
y25x59,-0.00244162321606,0.000297570578051,-0.0109552819274
y10x47,-0.00102504097689,-4.41133740786e-07,-0.0018955159078
y25x56,-0.00237970278848,0.000133299551814,-0.0101455193354
y25x53,-0.000267306710176,0.000148619424759,0.000596548046468
y25x50,-0.000674648503483,0.000148787961725,-0.000961601312232
y28x41,-0.00304554013371,0.00016730914535,-0.00873788466088
y16x38,-0.00162491247207,1.34917188875e-05,-0.00200274768701
y28x47,-0.00157801249333,0.000268613780506,-0.00124987721975
y28x44,-0.00340074212834,0.000251589901428,-0.00842930647146
y13x44,-0.00250412981156,6.53667251327e-05,-0.0077354443521
y13x47,-7.43645311341e-07,-4.51433596057e-05,0.0022983055381
y16x41,-0.00154228658117,4.88826135166e-05,-0.00294542099479
y13x41,-0.0018562243954,-3.59298592014e-05,-0.0025723092603
y16x47,0.000248165606946,9.16370534192e-05,0.00256453265845
y16x44,-0.00144849712263,-6.15096454011e-05,-0.00297385120707
y16x65,-8.1505041268e-05,0.000415443328797,-0.00126635770111
y28x62,-0.00126333553383,0.000347926766913,0.000547042403595
y28x65,-0.000643313511098,0.000437311410886,0.00533935901675
y19x65,-0.000609504430992,0.000334734623165,-0.00246020319756
y22x53,-0.000775911139402,0.000235100921577,-0.00204777403794
y22x50,-0.000431436932585,0.000143070824237,-0.001198774871
y22x56,-0.00158144514551,0.000223472161823,-0.00429769890943
y19x62,-0.000244289093137,0.00032899759227,0.00284655461843
y19x47,-0.000962425794854,0.000193324199462,-0.00316232518422
y25x62,0.000407303603852,0.000402454786775,0.00888459142887
y19x44,-0.00300384868351,0.0001243413397,-0.0105841139468
y19x41,-0.00243499883138,-8.46544298232e-06,-0.00531410161843
y22x38,-0.0027741463497,4.73294433678e-05,-0.0105599725456
y25x41,-0.00235954032627,0.000179083637172,-0.00869289014244
y25x65,-0.000543504208339,0.000425588336902,0.00325922543403
y25x44,-0.00284065256032,0.000185628803361,-0.00802821117111
y16x62,-7.57912466536e-05,0.000166724446651,0.00253923155876
y10x59,-0.000134613204493,0.000318080585489,-0.00194790374899
y25x47,-0.00189889291595,0.000332659591931,-0.00629524213599
y22x41,-0.00340001489393,0.00013332558821,-0.0102092137609
y22x59,-0.000913354013162,0.000307779125727,-0.000248873102505
y10x53,0.000887275982677,0.00021093765833,0.00265354466904
y10x50,0.00042620873784,-6.61698151341e-05,0.00366709852585
y16x59,-0.000683927499656,4.71862860564e-05,0.00103013778963
y10x38,-0.00227918873463,4.72423031928e-05,-0.0116000935371
y28x56,-0.00203457051884,0.000194667728886,-0.00854938781761
y28x50,-0.00102280245367,0.000193482142275,-0.00101466155846
y28x53,-0.00139576383835,0.000190633480471,-0.00575634130175
y25x38,-0.00152476078721,0.000273216326291,-0.00398167530749
y13x38,-0.00204594409159,-1.42747425823e-05,-0.00370380443768
y16x53,-0.00178033671062,2.90971235348e-05,-0.00884272216801
y13x53,-0.00191162840807,-1.22628241988e-05,-0.00840954399577
y28x59,-0.00313709074904,0.000159669964314,-0.0167101636442
y13x50,-0.000645130798967,4.55030700657e-05,0.000713308991336
y10x62,-0.00176643021014,0.000282123266646,-0.016655845695
