17
left
x_pos
y13x59,-0.001049919179,0.000124515783368,-0.0111020950018

y22x47,-0.00118344257615,0.000145095673526,-0.00544247966235

y16x56,0.00059155937575,6.46250229182e-05,0.0135276629033

y28x38,-0.00197663046621,7.83566650173e-05,-0.00535097655514

y19x50,-0.000382434136002,7.07262465119e-05,-0.0018576572773

y19x38,-0.00317369400501,-5.77679279336e-05,-0.0182536130497

y19x53,-0.00116456852315,0.000115264331744,-0.00829928372235

y22x44,-0.00271216146014,0.000156460774433,-0.0172313591971

y19x56,-0.00116751489205,0.000163344796617,-0.00672628056232

y22x62,-0.00219741134121,0.000180211291599,-0.019864450225

y13x56,-0.00129369162815,4.81521089231e-05,-0.00429442508472

y19x59,4.88330346963e-05,0.000206438742214,0.0072500462696

y16x50,-0.00115761072671,4.35783489751e-05,-0.00864673236213

y10x56,-0.00110591337345,0.000182180067621,-0.0155362246206

y22x65,0.000440204723525,0.000230140363343,0.0163490411203

y10x41,-0.0028757889425,4.8475301205e-05,-0.0176401050424

y13x65,-0.000137356024784,0.000190444654569,-0.00510370652278

y10x65,0.00170956691647,0.00020013129575,0.019202379705

y10x44,-0.00291404725236,5.54081388617e-05,-0.0172509150901

y13x62,0.000928254531768,0.000235262953637,0.0135179684761

y25x59,-0.00243989022423,0.000165499751143,-0.0174133043631

y10x47,-0.00118737335831,-3.70064863618e-06,-0.00383594518219

y25x56,-0.0022575053384,9.20237453933e-05,-0.0160157929649

y25x53,-0.00047029082074,8.04234138308e-05,-0.000582040618388

y25x50,-0.000708657965113,8.58183599713e-05,-0.00154916834115

y28x41,-0.00314098486415,0.000104546514363,-0.0145348444242

y16x38,-0.00172249012682,1.50124887821e-05,-0.00475686272652

y28x47,-0.00173599234662,0.00015981960894,-0.00370817153965

y28x44,-0.0035512536758,0.000148968612884,-0.0143931687291

y13x44,-0.00236743999408,5.49757193725e-05,-0.0130998290533

y13x47,7.82362594311e-05,-1.70588687622e-05,0.00425335140219

y16x41,-0.00183999389808,3.6730302418e-05,-0.00652300825392

y13x41,-0.00198252824622,-3.01757060176e-05,-0.00460220065712

y16x47,0.000280498896804,5.07013837453e-05,0.00506693365807

y16x44,-0.00133080093446,-2.07397787014e-05,-0.00537351199572

y16x65,-6.86149336283e-05,0.000240875774899,-0.000341744000194

y28x62,-0.0012934723306,0.000215799268408,0.00142321982443

y28x65,-0.000647846975789,0.000262193318446,0.00938653103174

y19x65,-0.000721000963123,0.000183363401597,-0.00534744100354

y22x53,-0.000649358215122,0.000146487741778,-0.00259152291764

y22x50,-0.000248999087166,8.11576377303e-05,-5.53546212858e-05

y22x56,-0.00149427464365,0.000147866830726,-0.00638821029229

y19x62,-0.00015478567264,0.00018985831617,0.00684039995929

y19x47,-0.00108499855259,0.000107949550674,-0.00699067607241

y25x62,0.000130993182501,0.000235125098793,0.0132214038521

y19x44,-0.00295367353898,7.79457238634e-05,-0.0183357244049

y19x41,-0.00263423979875,1.41475894623e-05,-0.00945411752435

y22x38,-0.00265322895242,2.4729157584e-05,-0.0173376716004

y25x41,-0.0024041725712,9.46819856229e-05,-0.0140842412373

y25x65,-0.000476364907552,0.00024528517336,0.00611052123121

y25x44,-0.00301939588199,0.000106086877601,-0.0133825337523

y16x62,-1.6686835413e-05,0.000105530054757,0.00599676418912

y10x59,-0.000228959065717,0.000194192325581,-0.00363162506888

y25x47,-0.00201534690011,0.000190631695189,-0.0108027715875

y22x41,-0.00325170999148,7.9960456431e-05,-0.0175436810105

y22x59,-0.00116758877473,0.000166238669366,-0.00368888448647

y10x53,0.000752922552742,0.000121579880576,0.00429128382561

y10x50,0.000465996663507,-2.34122675197e-05,0.00660920201662

y16x59,-0.00075857772537,4.61180691502e-05,-0.00123590499851

y10x38,-0.00210158151315,4.43124051626e-05,-0.0201494044305

y28x56,-0.00209899359947,0.000117635513971,-0.0135761889144

y28x50,-0.000988526196466,0.000101496345231,-0.000765000060654

y28x53,-0.00118691942386,0.000106038913719,-0.00773928473848

y25x38,-0.00165591178283,0.000166714061816,-0.00650243257343

y13x38,-0.00203259817833,-1.03710508654e-05,-0.00544360241466

y16x53,-0.00202358395076,1.52737613936e-05,-0.0164838435165

y13x53,-0.00211567249089,1.42234718486e-06,-0.0163270958165

y28x59,-0.00327979793662,9.93745380284e-05,-0.0280942441201

y13x50,-0.000271312157517,1.30843854426e-05,0.00406690006426

y10x62,-0.00181685126607,0.000175937699701,-0.0293775052003

