16
left
x_pos
y13x59,-0.00104726635579,0.000127794371058,-0.010534515405

y22x47,-0.00116298554218,0.000153970944099,-0.00491782844459

y16x56,0.000513473563868,7.10283057552e-05,0.0118262017158

y28x38,-0.00199877220484,8.55488940787e-05,-0.00502680757874

y19x50,-0.000367251058291,7.69433597144e-05,-0.00145198688435

y19x38,-0.00317932192776,-5.65130733788e-05,-0.0175058930597

y19x53,-0.00115457579508,0.00012421611418,-0.00804395496329

y22x44,-0.00271517768491,0.000170025915761,-0.0163498444271

y19x56,-0.00118390898177,0.000173259144592,-0.00658246884521

y22x62,-0.00215697990452,0.000198944635429,-0.0180145228979

y13x56,-0.00127998249212,5.29382020471e-05,-0.00345926810867

y19x59,5.92275452576e-05,0.000212550502341,0.00657066139826

y16x50,-0.00117663640976,5.06473105432e-05,-0.00833386785723

y10x56,-0.00112422124842,0.000194363804194,-0.0148879248545

y22x65,0.000439492923112,0.000242657571462,0.0156039284947

y10x41,-0.0028541984782,5.03462221221e-05,-0.0163112281123

y13x65,-0.000114994163559,0.000203321620035,-0.00508248689888

y10x65,0.00166649478005,0.000211393115999,0.0174135139975

y10x44,-0.00290990534683,5.69764619336e-05,-0.0159491744597

y13x62,0.000921430312586,0.000245286014283,0.0129906608456

y25x59,-0.00244155568477,0.000178269714508,-0.0164703537884

y10x47,-0.00121002871565,-4.84712849443e-07,-0.00401907336277

y25x56,-0.00228704584369,9.80518177169e-05,-0.0159328870216

y25x53,-0.000489347158338,8.64302292343e-05,-0.000753264007868

y25x50,-0.000666228366524,8.9246432771e-05,-0.00113498574654

y28x41,-0.00308656210395,0.000109306158796,-0.0135927602196

y16x38,-0.00171337194106,1.29369688905e-05,-0.00446468257786

y28x47,-0.00170625667682,0.000170409997944,-0.0032711146773

y28x44,-0.00353906019848,0.000159757247487,-0.0134186255569

y13x44,-0.00239043096795,5.81181500996e-05,-0.0127160828069

y13x47,5.00286779815e-05,-1.77309631638e-05,0.00377741022619

y16x41,-0.00185412081547,3.74912706693e-05,-0.0061864698355

y13x41,-0.00196459256745,-3.21236897192e-05,-0.00427437959924

y16x47,0.000261988915713,5.02853176174e-05,0.00457838679592

y16x44,-0.00142726252288,-2.11762276111e-05,-0.00552196971215

y16x65,-5.12059135968e-05,0.000256676655945,-0.000296772290692

y28x62,-0.00129227829136,0.000228833814819,0.00104097709868

y28x65,-0.000679930972639,0.00028075760526,0.00855027153182

y19x65,-0.000704649301647,0.000201087761711,-0.0048969088738

y22x53,-0.000729285926521,0.000155250506073,-0.00307883076091

y22x50,-0.000257572664026,8.54441340703e-05,-0.000239052010161

y22x56,-0.00143912959359,0.000152390191792,-0.00519334295662

y19x62,-8.12344177287e-05,0.000204343357522,0.00674305204476

y19x47,-0.00105488571333,0.000113394846458,-0.00643780326939

y25x62,9.04903689865e-05,0.000245963248392,0.0119388974106

y19x44,-0.00294573921991,8.21348622822e-05,-0.0170027662008

y19x41,-0.00258774886488,1.62516280143e-05,-0.00877634700694

y22x38,-0.00269184431334,2.24109445215e-05,-0.0162440576557

y25x41,-0.00236953026732,0.00010044231788,-0.0129512913065

y25x65,-0.000502653961877,0.000260783578617,0.00564444062132

y25x44,-0.002965993185,0.000114038473384,-0.0126846529337

y16x62,4.53578899475e-05,0.000111977729339,0.00640349041366

y10x59,-0.000263872127758,0.000206330677211,-0.00358971642315

y25x47,-0.00206063424217,0.000201744404838,-0.0103957770057

y22x41,-0.00328418088025,8.54886581849e-05,-0.0165686525912

y22x59,-0.00114319681019,0.000181552526939,-0.00294038179876

y10x53,0.000808682578473,0.000130597479033,0.00435788656262

y10x50,0.000416834636764,-3.11286402522e-05,0.00594695119729

y16x59,-0.000722761373577,5.07849329206e-05,-0.00100039291015

y10x38,-0.00212919954664,4.63320843679e-05,-0.0187522424

y28x56,-0.00207875570556,0.000123657415519,-0.0129464255724

y28x50,-0.00103749266233,0.000110472741015,-0.00113187318956

y28x53,-0.00126047100964,0.0001180348367,-0.007857981766

y25x38,-0.00163876251223,0.000177054859807,-0.00596764701179

y13x38,-0.00203768912898,-6.47860111198e-06,-0.00561180082817

y16x53,-0.00196839378327,1.83675298527e-05,-0.0151320974638

y13x53,-0.00208104101881,2.70228027442e-06,-0.0152034162056

y28x59,-0.00329457306114,0.000104415121575,-0.0271914884402

y13x50,-0.000236800564945,1.29150273206e-05,0.00394439057177

y10x62,-0.00179903754799,0.000184701213948,-0.0276910051949

