8
left
x_pos
y13x59,-0.0008670797108,0.000201138604939,-0.00371669233651

y22x47,-0.000998511970707,0.000317536327519,-0.00206740378945

y16x56,0.000897292644565,5.39876873193e-05,0.00693548507683

y28x38,-0.0022792523275,0.000176908307073,-0.00306330485799

y19x50,-0.00088198977761,0.000128500656251,-0.00206607986456

y19x38,-0.00296693958185,-0.000154320758104,-0.00819701793936

y19x53,-0.00109059312253,0.000227101596976,-0.00363756287824

y22x44,-0.00275393405881,0.000353454062298,-0.00855440203336

y19x56,-0.000904724209489,0.00034902055223,-0.00224939358854

y22x62,-0.00210138434378,0.000366885628679,-0.0083212819951

y13x56,-0.00109824277362,0.000117295508029,-0.00023293059185

y19x59,0.000289864745475,0.000462198728718,0.00444773705569

y16x50,-0.00120813332003,0.000101480206839,-0.00484887522272

y10x56,-0.000925019125202,0.000364101709111,-0.0063106854512

y22x65,0.000642675658772,0.000458833180698,0.00976359817134

y10x41,-0.00298377377532,9.4760578006e-05,-0.00873216322608

y13x65,-0.000176627552656,0.000433211554567,-0.00183072300265

y10x65,0.00149695732097,0.000373082569903,0.00743589896712

y10x44,-0.00267489585006,0.000163356103955,-0.00860302549971

y13x62,0.000605674978652,0.000452399858888,0.00575487392647

y25x59,-0.00253709487915,0.000364058054406,-0.00910544667094

y10x47,-0.00114776862233,1.21313803086e-05,-0.00211684487049

y25x56,-0.00250745761033,0.000172867911025,-0.00833947270803

y25x53,-0.000260085134812,0.0001862376845,0.00109700567955

y25x50,-0.000629060027724,0.00018479042622,-0.000553155742505

y28x41,-0.00305632044477,0.000210620502479,-0.0069917803871

y16x38,-0.00147485630096,2.48210395604e-05,-0.00132719750502

y28x47,-0.0018175194388,0.000361291501551,-0.00189841286778

y28x44,-0.00342898661027,0.000311676867531,-0.00713297620889

y13x44,-0.00249005808023,8.11562498814e-05,-0.00611212415373

y13x47,-0.00010734285526,-6.05533384364e-05,0.00182275103914

y16x41,-0.00157751026269,4.38897236692e-05,-0.00238421486318

y13x41,-0.00171029259177,-3.07794504608e-05,-0.0019338870585

y16x47,0.000346771212564,0.000160298335519,0.0024183972746

y16x44,-0.00127060430243,-0.000105310477452,-0.00165295710854

y16x65,-7.51671344626e-05,0.000511767246935,-0.000777281735229

y28x62,-0.00128043095445,0.000421991359112,-0.000576055340961

y28x65,-0.000872129584778,0.000556976138631,0.00299004591286

y19x65,-0.000570203762621,0.000382822257593,-0.00198116288218

y22x53,-0.000875735783335,0.000323842688186,-0.00177424983351

y22x50,-0.000325241904939,0.000181097470194,-0.000578429677517

y22x56,-0.0016613483636,0.000279439755094,-0.00323369587282

y19x62,-0.00036810578229,0.000386515847935,0.00241085004062

y19x47,-0.000829258942417,0.000241599105626,-0.00220388828663

y25x62,0.000497889275295,0.000509396988554,0.0076449825494

y19x44,-0.00304900049329,0.000152881072179,-0.00844079444539

y19x41,-0.00249466472907,-3.63115195705e-05,-0.00385371655558

y22x38,-0.00277018454112,7.80429547131e-05,-0.00875077464474

y25x41,-0.00244791036559,0.000216082618014,-0.00722530937908

y25x65,-0.000661186348037,0.000538188756239,0.00146151246288

y25x44,-0.00275529423601,0.000220528254529,-0.00625081316851

y16x62,-0.000258576403273,0.000189319943648,0.00163381594839

y10x59,-0.000168211517742,0.000371827097124,-0.00206861602938

y25x47,-0.00187519712484,0.000431556043234,-0.00535199878072

y22x41,-0.00335540769329,0.000173868425676,-0.00796192632813

y22x59,-0.00111123530858,0.000393687418131,-0.00139876600666

y10x53,0.000709404217145,0.000264957919729,0.00192837943084

y10x50,0.00028399038734,-6.82510831517e-05,0.00269433849379

y16x59,-0.000460360256574,4.41066381382e-05,0.00203003509241

y10x38,-0.00219208715268,5.20908025515e-05,-0.00865290262604

y28x56,-0.00212129629904,0.000230553828572,-0.00730864728503

y28x50,-0.00114473608208,0.000240669073095,-0.000783025583401

y28x53,-0.00135592758616,0.000238019125287,-0.0043343550047

y25x38,-0.00159849064726,0.000334158326783,-0.0033075092963

y13x38,-0.00201545037619,-1.13764862687e-05,-0.00283848948937

y16x53,-0.00176035094864,8.05426193038e-06,-0.00699898906617

y13x53,-0.00190297421415,1.92135263695e-06,-0.00666566720479

y28x59,-0.00317014616027,0.000205266033982,-0.0129571831395

y13x50,-0.000646728159472,4.69368193908e-05,0.000665048328068

y10x62,-0.00168813033359,0.000377190397342,-0.0133732787193

