5
left
x_pos
y13x59,-0.000506758776785,0.00032837484172,-0.00126676828448

y22x47,-0.000873994729456,0.00052768509823,-0.000808948964248

y16x56,0.000657648409798,1.39760802928e-05,0.00436821025234

y28x38,-0.00256063574711,0.000336571236164,-0.00194876039819

y19x50,-0.00079378905438,0.000184409673392,-0.00132031895726

y19x38,-0.00281280048101,-0.000257716023475,-0.00452287666808

y19x53,-0.00131008782959,0.000324472260632,-0.00245720459361

y22x44,-0.00305490555314,0.000620978011515,-0.00566070090807

y19x56,-0.00097900271534,0.00052963516884,-0.00163227637119

y22x62,-0.00244244876068,0.000552599861043,-0.00613758414066

y13x56,-0.00076823746402,0.000100391186983,0.000951797624352

y19x59,0.000796277137976,0.000717315582502,0.00483971305972

y16x50,-0.00160718405382,0.000106485697263,-0.00363231838745

y10x56,-0.00120691172583,0.000601765754077,-0.00454416742701

y22x65,0.00062016960553,0.000706875190699,0.00619828625433

y10x41,-0.00295572415793,0.00011431928281,-0.00545194867817

y13x65,-0.000422252352235,0.000679626018824,-0.00195486231576

y10x65,0.00140979240561,0.000655520893226,0.00337909457738

y10x44,-0.00261218146426,0.000228174516648,-0.0056460462617

y13x62,0.000364966970983,0.000680431922166,0.00254034095709

y25x59,-0.00220901679767,0.000631383939714,-0.00424391716361

y10x47,-0.000942636844288,8.56269949275e-05,-0.00102729569113

y25x56,-0.00270219796877,0.000357449044651,-0.00568622320769

y25x53,-0.000567920471929,0.000356364853993,-1.13931032376e-05

y25x50,-0.000526559572028,0.000305993633449,6.3844699951e-05

y28x41,-0.0027234057676,0.000273519037586,-0.00394210272193

y16x38,-0.00131114102086,4.24984828967e-06,-0.000134323206883

y28x47,-0.00146702979897,0.000571424306253,-0.000964781867952

y28x44,-0.00339431882626,0.000479183695074,-0.00451694623949

y13x44,-0.00235438044743,0.000161745849796,-0.00375988889915

y13x47,2.25605174278e-05,-4.6693446858e-05,0.000898633408585

y16x41,-0.00129854166169,4.1637369701e-05,-0.000871212646903

y13x41,-0.00183841472824,-6.62267134189e-05,-0.00152412537257

y16x47,0.000388038485617,0.000180692683876,0.00168047205469

y16x44,-0.000930271228973,-0.00029007706233,-0.000531858178004

y16x65,8.47561352924e-05,0.000858349662449,3.86922953327e-05

y28x62,-0.00151599825031,0.000653918919679,-0.000724889648087

y28x65,-0.000686960140519,0.000921979437962,0.00210931147091

y19x65,-0.000527137361762,0.00056028627792,-0.000694496294383

y22x53,-0.000751350640422,0.000517925409783,-0.000569094156535

y22x50,0.000116500643718,0.000270725985557,0.000502318031667

y22x56,-0.00176046028208,0.000382554918604,-0.00211117213737

y19x62,-0.00024115070005,0.000629458739221,0.00204937321554

y19x47,-0.000977014621566,0.000384812803895,-0.00161687132903

y25x62,0.000419882908921,0.00080443699393,0.00487868439422

y19x44,-0.00311164108322,0.000305272162222,-0.00558387476698

y19x41,-0.00269906458265,-6.26823443124e-05,-0.00221240237302

y22x38,-0.0026883608057,0.000173601356766,-0.00553560713107

y25x41,-0.00224893007951,0.000321279902526,-0.00380930953249

y25x65,-0.00081631781937,0.000874971555887,0.000783047071627

y25x44,-0.00272010574099,0.000351963181564,-0.00366091313246

y16x62,-0.000417409189661,0.000291131233461,0.000864760376444

y10x59,3.59320873915e-05,0.000567762214541,-0.00152257583981

y25x47,-0.0021228325003,0.000660262923958,-0.00384093161728

y22x41,-0.00335532006112,0.000312127436137,-0.00499164749816

y22x59,-0.00112643971601,0.000655890579845,-0.000797057902473

y10x53,0.000679447489878,0.000408242352926,0.00130921366279

y10x50,0.000234532721728,-0.000105967856446,0.00133823194673

y16x59,-0.000202890657963,4.70995122311e-05,0.00231725376478

y10x38,-0.00204113071397,1.23794284117e-05,-0.00478436085653

y28x56,-0.00202854879589,0.000336082315311,-0.00418137441223

y28x50,-0.0012611109009,0.00040945665952,-0.00101792497425

y28x53,-0.0016359589324,0.000387341461718,-0.00317771519653

y25x38,-0.00140740022651,0.000603115755103,-0.00234790589258

y13x38,-0.00210382379989,3.28135060804e-05,-0.00190888601975

y16x53,-0.00202379115318,-1.15949009677e-05,-0.00494553606161

y13x53,-0.00193592052695,3.75403704611e-05,-0.00441655471021

y28x59,-0.00298868416328,0.000370010230526,-0.00772359630293

y13x50,-0.00087973656944,7.47015914682e-05,-0.000247503760784

y10x62,-0.00140403842259,0.000628297057997,-0.00733183060628

