21
left
x_pos
y13x59,-0.00102029920836,0.000109799558839,-0.0142709751566

y22x47,-0.00119010820483,0.000114113355488,-0.00644824115848

y16x56,0.000444967703371,6.38743763686e-05,0.0136184402081

y28x38,-0.00186549942935,5.63014706497e-05,-0.00593265006294

y19x50,-0.000309258082296,6.83960476356e-05,-0.00210088105035

y19x38,-0.00322540879032,-5.02380204758e-05,-0.0225485261237

y19x53,-0.00119224419343,9.20248874445e-05,-0.0097230210642

y22x44,-0.00276462336274,0.000127991824014,-0.0215628892322

y19x56,-0.00124849216233,0.000129123288462,-0.00894895025588

y22x62,-0.00212714694601,0.000150156896656,-0.0229123285528

y13x56,-0.00127461283441,4.04012379673e-05,-0.00481646547876

y19x59,-9.72634715895e-05,0.000158570603631,0.00670270489672

y16x50,-0.0010934380023,3.77597932306e-05,-0.00969346135771

y10x56,-0.0011594518762,0.000148670552078,-0.0211201536632

y22x65,0.000327050514014,0.00018723967729,0.0186085539447

y10x41,-0.00288514286525,3.15555663145e-05,-0.0215703305777

y13x65,-0.000168345351451,0.000152158367014,-0.00587840025869

y10x65,0.00177393095218,0.000167741846208,0.0259061876477

y10x44,-0.00281784390188,4.5700391075e-05,-0.0210166970885

y13x62,0.00105498258021,0.000189136513486,0.0176337137468

y25x59,-0.0023550136292,0.000127074838056,-0.0212091023538

y10x47,-0.00116429179063,-7.46869826621e-06,-0.00398301399352

y25x56,-0.00228847506469,7.65260451028e-05,-0.0203178325981

y25x53,-0.000439755821982,6.54955754015e-05,-0.000353074884965

y25x50,-0.000721454614471,7.10818621985e-05,-0.00210903229334

y28x41,-0.00328838937235,8.93985504016e-05,-0.0180005982818

y16x38,-0.00170487453358,1.17017293417e-05,-0.00684670685869

y28x47,-0.0016710476101,0.000134749542899,-0.00481255901263

y28x44,-0.00349345943687,0.000119597044049,-0.01768555768

y13x44,-0.0024560347896,4.67011215834e-05,-0.0164379683851

y13x47,4.82033822942e-05,-1.72369266152e-05,0.00516877324191

y16x41,-0.00190121826695,3.41245547643e-05,-0.00932589217936

y13x41,-0.00204627380899,-3.05652993066e-05,-0.00540331864829

y16x47,0.000216584780194,4.05716866592e-05,0.00582334122894

y16x44,-0.0014801352606,-1.36978800632e-05,-0.00731517625018

y16x65,-0.000109173472576,0.000190553779656,-0.00156750231166

y28x62,-0.00122666528989,0.000174922134518,0.00189892516224

y28x65,-0.000726968171687,0.000217808353173,0.0107683926943

y19x65,-0.000645416897566,0.000150841558094,-0.0044453104138

y22x53,-0.000564088990475,0.000112885423434,-0.00206716070231

y22x50,-0.000304418998127,6.93811054801e-05,-0.000461357520512

y22x56,-0.00142997960905,0.000128137328644,-0.00738114805852

y19x62,-0.000168190817825,0.000151442612643,0.0084134412203

y19x47,-0.00114771803658,8.7700537123e-05,-0.008546033448

y25x62,-3.86862064714e-06,0.00018557439752,0.0149752382215

y19x44,-0.00295989536119,6.49925658789e-05,-0.0222818778376

y19x41,-0.00262682889191,1.04921210429e-05,-0.0126677984888

y22x38,-0.00278504688497,1.67947711753e-05,-0.0215138868522

y25x41,-0.0024237331202,7.86142980991e-05,-0.0170784675098

y25x65,-0.000461395961105,0.000200096314647,0.0081111566799

y25x44,-0.00312842184269,8.57728215626e-05,-0.0175716056561

y16x62,0.000133244228089,9.3234352902e-05,0.0084087392016

y10x59,-0.000129512187445,0.000159491263888,-0.00221192507531

y25x47,-0.00192027954621,0.000150413033188,-0.0127566248525

y22x41,-0.00332215189596,6.1627667981e-05,-0.0212976075977

y22x59,-0.00103927557412,0.000135863445983,-0.00313998334451

y10x53,0.00064137860019,9.86349903472e-05,0.00411902494202

y10x50,0.00053044417996,-1.61823543801e-05,0.00881431708011

y16x59,-0.000880988943354,4.61025875993e-05,-0.00255373095766

y10x38,-0.00201205367308,3.60373337197e-05,-0.0244508279393

y28x56,-0.0019908823923,8.946901279e-05,-0.0147645407136

y28x50,-0.00102735396209,8.08227000813e-05,-0.00170094975625

y28x53,-0.00120961008534,8.79479049646e-05,-0.00987479287866

y25x38,-0.00165070795599,0.000133795930411,-0.00799151971735

y13x38,-0.0019726238426,-4.91229756825e-06,-0.00711303082872

y16x53,-0.00189737744141,2.4471931503e-05,-0.0193661087095

y13x53,-0.00211980934224,4.56358604792e-06,-0.0203180076163

y28x59,-0.00331630975212,7.60385933092e-05,-0.034931032358

y13x50,-0.000154140822519,1.61533493785e-05,0.00569927682934

y10x62,-0.00184223328565,0.000136569238578,-0.0351145050311

