4
left
x_pos
y13x59,-0.000335684368867,0.000322581001516,-4.09247044484e-05

y22x47,-0.000886401266684,0.000631292326528,-0.000633303447591

y16x56,0.000466125072079,1.63819872634e-05,0.00298828864773

y28x38,-0.00245107598463,0.000358774980558,-0.00140988463675

y19x50,-0.000906342881734,0.000224494126151,-0.000828260721348

y19x38,-0.00265352217395,-0.000312415106698,-0.00358383200728

y19x53,-0.0013830046417,0.000404072222735,-0.00246298185497

y22x44,-0.0031032690362,0.0007525335851,-0.00448557320439

y19x56,-0.000987660336441,0.000692522979346,-0.00151964287705

y22x62,-0.00218585871269,0.000689420225938,-0.00466174755073

y13x56,-0.000770582080212,9.08349765783e-05,0.000682667777656

y19x59,0.000751764843302,0.000978650351887,0.00386379184896

y16x50,-0.00164739801439,0.000125588698331,-0.00283732104429

y10x56,-0.00126257286306,0.00070579333202,-0.00347899495358

y22x65,0.000518768543461,0.000944760859773,0.00446105991889

y10x41,-0.003022833658,0.000161160550938,-0.00451737589744

y13x65,-0.000450583246913,0.000872124908718,-0.00146753559546

y10x65,0.00134733039033,0.000808694083693,0.00240113975865

y10x44,-0.00267022560755,0.000290189458699,-0.00446233852135

y13x62,0.000296833504795,0.000836962229708,0.00197619070546

y25x59,-0.00221316433624,0.000798921370713,-0.00349498525833

y10x47,-0.000580475390046,0.000122984756408,-0.000533340723315

y25x56,-0.00273949466716,0.000411053183802,-0.0046848999843

y25x53,-0.000671402562204,0.000438583500362,-0.0002383777638

y25x50,-0.000533533256063,0.000421711361698,7.48610492116e-05

y28x41,-0.00285158671648,0.000344471927043,-0.00331584118905

y16x38,-0.00119493205179,-8.04208126764e-05,0.000194191146318

y28x47,-0.00144193518667,0.000661068645603,-0.00044667860495

y28x44,-0.00334643971042,0.000558047090658,-0.00356646806229

y13x44,-0.00198924854328,0.00010914137142,-0.00292990120553

y13x47,-0.000251737009248,-7.88191778631e-05,0.000513853738175

y16x41,-0.00147481697638,6.30357768202e-07,-0.000640061691266

y13x41,-0.0016747003903,-5.55612917361e-05,-0.00102090510013

y16x47,0.000203598274634,0.000200651899591,0.00121730813802

y16x44,-0.00107120247308,-0.000333998895597,-0.000602840260194

y16x65,-5.3505246173e-05,0.00106414341915,-0.000159561153961

y28x62,-0.0017637662046,0.00078238443052,-0.0014815966361

y28x65,-0.0008865328375,0.00111734227197,0.00155181539792

y19x65,-0.000583760982478,0.000708331926499,-0.000412694530287

y22x53,-0.000840570243191,0.000686833835358,-0.000467526571116

y22x50,4.15672284334e-05,0.000288315391936,0.000161737973613

y22x56,-0.00192804501502,0.000452924346819,-0.00216243353359

y19x62,-0.000323682547078,0.000825053268517,0.00102168424157

y19x47,-0.000988588147411,0.000446205663774,-0.00121062968987

y25x62,0.00027132020618,0.000968585562248,0.00371411690597

y19x44,-0.00309791229494,0.000392765906866,-0.00449551736789

y19x41,-0.0027769784266,-7.94756047048e-05,-0.00139927757101

y22x38,-0.00281166196447,0.000244481102374,-0.00436632908334

y25x41,-0.00233223438295,0.000401789724923,-0.00316597656219

y25x65,-0.000821988843176,0.0010613674947,0.000728325320285

y25x44,-0.00260204405326,0.000488138555204,-0.00256519561162

y16x62,-0.000392959051321,0.000358651589505,0.000619134466633

y10x59,0.000187166185175,0.000731441264115,-0.00121635077984

y25x47,-0.00237933355463,0.000846548063149,-0.00355490583836

y22x41,-0.0032996875375,0.000405556316972,-0.0041054991653

y22x59,-0.000993264354504,0.000852880481321,-0.000561976819758

y10x53,0.000821988671937,0.000525483762828,0.0010728745282

y10x50,0.000441881592793,-0.000113317408318,0.00111362470352

y16x59,-0.000158108110239,0.000151033422619,0.00194965477114

y10x38,-0.00200734686277,-2.04437746351e-05,-0.00362393147758

y28x56,-0.00201387775609,0.000423710351745,-0.00352825245586

y28x50,-0.00141724643626,0.000531214570743,-0.000732454739295

y28x53,-0.00147557501491,0.000584441998823,-0.00198982425653

y25x38,-0.00142366559006,0.00071886954504,-0.00217526451656

y13x38,-0.00189047823234,9.08029625588e-05,-0.00129702723212

y16x53,-0.00224199795151,-4.43628460127e-05,-0.00407231337102

y13x53,-0.00181985720476,4.00382311769e-05,-0.00362392101554

y28x59,-0.00280578673711,0.000356030156898,-0.00594433163638

y13x50,-0.000974146112747,0.000166465663288,-0.000512733903345

y10x62,-0.00102594816962,0.000782566463513,-0.00502650956371

