22
left
x_pos
y13x59,-0.00101516130021,0.000103940236348,-0.0146328780321

y22x47,-0.00127004024494,0.000111286546683,-0.00755406325392

y16x56,0.000369806106018,6.51321961039e-05,0.0129522181525

y28x38,-0.00186535394697,5.28865298189e-05,-0.00626741362171

y19x50,-0.000233964905433,6.79988417055e-05,-0.00183048330687

y19x38,-0.00321238197527,-4.2468322075e-05,-0.0236103940993

y19x53,-0.00118360040792,8.92736432875e-05,-0.0100036031715

y22x44,-0.00276821848674,0.000121463596501,-0.0226293955442

y19x56,-0.0013088610857,0.000122218617585,-0.010277058962

y22x62,-0.00202086789555,0.000143295720907,-0.0222439915794

y13x56,-0.00121009551398,3.80888161267e-05,-0.00467568976562

y19x59,-0.000198960795322,0.000150861495292,0.00558772734349

y16x50,-0.00103044458726,4.06691328119e-05,-0.00925273362984

y10x56,-0.00117092039481,0.00014335955686,-0.0222660993511

y22x65,0.000239085572625,0.000177712138143,0.0177488911153

y10x41,-0.00289469334865,3.03117697166e-05,-0.0227079354828

y13x65,-0.000140796074274,0.0001456907068,-0.00573630343242

y10x65,0.00182928433859,0.000162132855679,0.027588298793

y10x44,-0.00284475282992,4.31895478777e-05,-0.0223600731679

y13x62,0.00105986710518,0.00018051590389,0.0184036583092

y25x59,-0.00241054469202,0.000121300663293,-0.023112420862

y10x47,-0.00115005363572,-5.1833164619e-06,-0.00444709710293

y25x56,-0.00225225580082,7.48107680795e-05,-0.0206283516453

y25x53,-0.000438502432638,6.13745333072e-05,-0.000177764593926

y25x50,-0.00071213625851,6.85410868196e-05,-0.00210442538092

y28x41,-0.00328295510048,8.56314090006e-05,-0.0190394493142

y16x38,-0.00177458898343,9.41999108113e-06,-0.00787418230842

y28x47,-0.00168928304593,0.000127628357149,-0.00480941350626

y28x44,-0.00350543062735,0.000114743937271,-0.0187425819251

y13x44,-0.00242590666533,4.48102884794e-05,-0.0171744527837

y13x47,0.000100442008301,-1.82178486159e-05,0.00567596346123

y16x41,-0.00194682961351,3.42095482199e-05,-0.010193527109

y13x41,-0.00201255594945,-2.98921773167e-05,-0.00529209488016

y16x47,0.000188777762387,3.78738830634e-05,0.00538125141857

y16x44,-0.00154988746347,-8.94589616608e-06,-0.00860529008727

y16x65,-0.000145324559249,0.000178535209753,-0.00200258698604

y28x62,-0.00127914237579,0.00016754788157,0.00153667286079

y28x65,-0.000707685744959,0.000205694795868,0.0112997267296

y19x65,-0.000573347020962,0.000142670218544,-0.00315569068541

y22x53,-0.000566886615348,0.000108415466462,-0.00200650900172

y22x50,-0.000289163386298,6.46790991037e-05,-0.000494884428239

y22x56,-0.00139957252101,0.000126177581533,-0.00743382790019

y19x62,-0.000146781021439,0.000144838081657,0.00961254584702

y19x47,-0.0011377265802,8.20213325749e-05,-0.00885393286369

y25x62,-7.34310171627e-05,0.000176316350727,0.0144042287733

y19x44,-0.00296889710508,6.2196086483e-05,-0.0233473394089

y19x41,-0.00261380037498,8.49673114814e-06,-0.0135334076632

y22x38,-0.00281057530207,1.37291094485e-05,-0.022634246272

y25x41,-0.00242385796428,7.36175386828e-05,-0.0175492010672

y25x65,-0.000438395046069,0.000192593210424,0.00918955504495

y25x44,-0.0031227831851,8.49393890184e-05,-0.0189232574266

y16x62,0.000188665062541,9.52334546569e-05,0.00887866495218

y10x59,-0.000112709183871,0.000151783278319,-0.00201380641715

y25x47,-0.00190256677308,0.00014449682077,-0.0130640744975

y22x41,-0.00330143261028,5.80480573773e-05,-0.0217279375682

y22x59,-0.00097038570867,0.000133015004665,-0.00236758612713

y10x53,0.000599013933244,9.43491933586e-05,0.00410253525735

y10x50,0.000555467269632,-1.60077482097e-05,0.00940615141586

y16x59,-0.000954484221109,4.79186753718e-05,-0.00378157792462

y10x38,-0.00203323137,3.53149188304e-05,-0.025556271529

y28x56,-0.00198859131951,8.34064297068e-05,-0.0155649343746

y28x50,-0.000989083199214,7.509601999e-05,-0.00143093469411

y28x53,-0.00124272971242,8.4923858625e-05,-0.0102065139715

y25x38,-0.00161403190844,0.000126678195704,-0.00835923066474

y13x38,-0.00194949257318,-6.32778896761e-06,-0.00749613134876

y16x53,-0.00188880019044,2.5809816145e-05,-0.0201262098143

y13x53,-0.00216663506768,5.53669936849e-06,-0.0216289179825

y28x59,-0.00330288058609,7.4241480432e-05,-0.0362856246156

y13x50,-0.000180540003914,1.21596410717e-05,0.00604292854263

y10x62,-0.00185442169293,0.000129941991435,-0.0367065001873

