12
left
x_pos
y13x59,-0.000863410254048,0.000145368249408,-0.006399235837

y22x47,-0.00105225081303,0.000201096906745,-0.00260933152518

y16x56,0.000835603534852,5.91042262316e-05,0.010953036829

y28x38,-0.00198914129439,0.00011370906293,-0.00403110790158

y19x50,-0.000614153651839,9.40281384049e-05,-0.00190861625376

y19x38,-0.00310810085176,-9.23248811506e-05,-0.0131987090455

y19x53,-0.00116225693292,0.000154052007584,-0.00525182968376

y22x44,-0.00279153943368,0.000220348397299,-0.0121824061092

y19x56,-0.00101665743776,0.00022526162632,-0.0038052409016

y22x62,-0.00210106935692,0.000253945661065,-0.0131838125627

y13x56,-0.00132594890394,7.37096066438e-05,-0.00234061062608

y19x59,0.000165161909521,0.000299706288078,0.00604459007215

y16x50,-0.00130214003297,7.71487096479e-05,-0.00719067207145

y10x56,-0.00111152138935,0.000254153559239,-0.0110027648186

y22x65,0.00062106505921,0.000323368224096,0.0143498199341

y10x41,-0.00299647108538,5.06854855955e-05,-0.0123927937941

y13x65,-0.000176440989297,0.000283106734985,-0.00396761266721

y10x65,0.00162527851604,0.000272508289694,0.0120313917941

y10x44,-0.00274733498246,7.84154041308e-05,-0.0118987600587

y13x62,0.000752613663389,0.000330306914932,0.00904239796716

y25x59,-0.00236812947015,0.000252775581517,-0.0120605441542

y10x47,-0.00111381735492,-7.99246510479e-06,-0.00241150708981

y25x56,-0.00229178055536,0.000118284932054,-0.0116737472906

y25x53,-0.000330321080955,0.000116765445925,0.00107934497609

y25x50,-0.00062091348868,0.000115672011544,-0.00111558404956

y28x41,-0.00303469086182,0.000148538547562,-0.0107522672946

y16x38,-0.00165872292097,2.09225067584e-05,-0.00230684360909

y28x47,-0.00158626865609,0.00023232527342,-0.00162627922621

y28x44,-0.00350203499646,0.000205041627934,-0.0100463905809

y13x44,-0.00243770218156,6.93813409065e-05,-0.00950513511772

y13x47,4.19080696078e-05,-3.38895857566e-05,0.00258654079359

y16x41,-0.00168641297158,5.36709989503e-05,-0.00400424419301

y13x41,-0.00189680975116,-4.42830674665e-05,-0.00310051186038

y16x47,0.000281892198431,9.17554849851e-05,0.00345671818823

y16x44,-0.00122864588198,-4.75695797952e-05,-0.00301536234402

y16x65,-5.29833124784e-05,0.000349367963195,-0.00122050504626

y28x62,-0.00121277303376,0.000291892379023,0.00113307243257

y28x65,-0.000738534176575,0.000357843176388,0.00610045060343

y19x65,-0.000665084160367,0.000288287684602,-0.00395826022416

y22x53,-0.000645543297645,0.000195782270156,-0.00164071625922

y22x50,-0.000199434180237,0.000123891046675,-0.000279905477946

y22x56,-0.00167008565325,0.000182288189807,-0.00615631891477

y19x62,-0.000265850791723,0.000269747731797,0.0032695096368

y19x47,-0.00102599706883,0.00016446718634,-0.00443532842471

y25x62,0.000376756027725,0.000336585143884,0.011620007648

y19x44,-0.00297783903338,0.000107834321037,-0.0128220001102

y19x41,-0.00239200073058,1.25327358894e-05,-0.00632629709082

y22x38,-0.00262023290872,4.6749046804e-05,-0.0122885937549

y25x41,-0.00234763546943,0.000144028426337,-0.0101626012678

y25x65,-0.000468768678923,0.000356133959822,0.00449238754589

y25x44,-0.0027972518342,0.00015389032092,-0.00925742664418

y16x62,-0.000139119667651,0.000125418652382,0.00289571335768

y10x59,-0.000110720977744,0.0002639626582,-0.00193004905639

y25x47,-0.00186372297628,0.000273040587708,-0.00737024652217

y22x41,-0.00337988393896,0.000103052524816,-0.0127383133883

y22x59,-0.000825934038515,0.000249490468888,-6.94699973701e-05

y10x53,0.00074750149504,0.000173463101125,0.00272776598234

y10x50,0.00040876386767,-5.80330511934e-05,0.00454055896598

y16x59,-0.00062205634394,4.63284291601e-05,0.00105528566799

y10x38,-0.00223625650849,5.54002525784e-05,-0.0140668000048

y28x56,-0.00206734266973,0.000159080803002,-0.0106777947701

y28x50,-0.00109784532371,0.000149489369893,-0.00144219092496

y28x53,-0.00139522193125,0.000151531008999,-0.00687760450642

y25x38,-0.00149963420017,0.000240840464539,-0.00483107485298

y13x38,-0.00201928371523,-8.12976063665e-07,-0.00477682807573

y16x53,-0.00187461652969,1.4287131516e-05,-0.0109735677568

y13x53,-0.00198729095223,-3.9813237485e-06,-0.0112340446166

y28x59,-0.003145228573,0.000125706901626,-0.0200525415809

y13x50,-0.000477057748289,3.65011193729e-05,0.0016542608675

y10x62,-0.00177880002366,0.00024303424162,-0.0200400571283

