15
left
x_pos
y13x59,-0.000983403113467,0.000137907448819,-0.0100521862831

y22x47,-0.00114273065504,0.000162289847788,-0.00409498937179

y16x56,0.000450464180439,7.32444301564e-05,0.0105144127171

y28x38,-0.00197209292031,9.5379902578e-05,-0.00476107835351

y19x50,-0.000329489707513,8.76494736341e-05,-0.00113873386035

y19x38,-0.00313171890813,-5.86414298482e-05,-0.0166615444717

y19x53,-0.0011694636135,0.000134179970857,-0.00733032523192

y22x44,-0.00269295025507,0.000183227639558,-0.015157273263

y19x56,-0.00117121809029,0.000184739307448,-0.00611849014461

y22x62,-0.00201485223895,0.000209356418697,-0.0154482144755

y13x56,-0.00128661880485,5.26445408968e-05,-0.0033395879509

y19x59,-9.35926956677e-05,0.000223735654348,0.00466323575477

y16x50,-0.00117246737538,6.12880716986e-05,-0.00753358023648

y10x56,-0.00107285553915,0.000203572628244,-0.0132865488275

y22x65,0.000371383373589,0.000253206572058,0.0141470114963

y10x41,-0.00293458988761,4.89647133271e-05,-0.0155126150671

y13x65,-0.000160314544241,0.000216350297806,-0.00469891712503

y10x65,0.00170514959265,0.000221305064125,0.0162084961041

y10x44,-0.00295082071966,5.69769885474e-05,-0.0150919863344

y13x62,0.000907157240764,0.000261087079124,0.0118172015951

y25x59,-0.0024503561892,0.000188035273457,-0.0155419880265

y10x47,-0.0011852265934,-4.97454114981e-06,-0.00353331593113

y25x56,-0.0022476656196,0.000103670351714,-0.0143425539537

y25x53,-0.000391767408722,9.16441787443e-05,0.000538635970205

y25x50,-0.00069147156867,9.19475748129e-05,-0.0012268467461

y28x41,-0.00303772367142,0.000117073409179,-0.0130489212335

y16x38,-0.00177006084005,1.3702864535e-05,-0.00410180096656

y28x47,-0.00169117495526,0.000181601468865,-0.00297484207881

y28x44,-0.00350539801996,0.000168781031105,-0.0121928085334

y13x44,-0.00242197467342,5.88605651902e-05,-0.0115858124609

y13x47,7.99186217508e-05,-2.11778253852e-05,0.00342580508817

y16x41,-0.00184509435763,4.0921481299e-05,-0.00587330314617

y13x41,-0.00191494239912,-3.16922272504e-05,-0.00405996905674

y16x47,0.000269919680116,5.66213335452e-05,0.00423536246881

y16x44,-0.00149491891414,-1.87690544371e-05,-0.00561325308488

y16x65,-0.000107620268546,0.000276421939449,-0.000785030343853

y28x62,-0.00128497527907,0.000240064217678,0.00122714354164

y28x65,-0.000611219105301,0.000292909314418,0.00901278756799

y19x65,-0.000674036245603,0.000216439763169,-0.00429980703642

y22x53,-0.000743838195479,0.000161827085046,-0.00307747635335

y22x50,-0.00032032434802,9.56223203679e-05,-0.000762225761758

y22x56,-0.00141305471705,0.000170712332496,-0.00462127655341

y19x62,-6.03947884701e-05,0.000217089697253,0.00650093295805

y19x47,-0.000984076093889,0.000120390916745,-0.00563726953232

y25x62,5.80474887176e-05,0.000260046085004,0.0107641503111

y19x44,-0.00292912553824,8.68204208686e-05,-0.0158798187913

y19x41,-0.00253544298955,1.92696532512e-05,-0.00838070594326

y22x38,-0.0027127070936,2.3108787919e-05,-0.0152037901547

y25x41,-0.0023881916317,0.000107496811202,-0.012372860617

y25x65,-0.000456870807953,0.000280346247844,0.00584444870231

y25x44,-0.00289786553961,0.000117749086146,-0.011646814615

y16x62,9.96084680902e-05,0.000126183568265,0.00564425551013

y10x59,-0.000184432980053,0.00021751178887,-0.00259657787693

y25x47,-0.0020258862019,0.000213182484129,-0.00944167975658

y22x41,-0.00329299250024,8.79538453862e-05,-0.0154423460077

y22x59,-0.00111127558354,0.000190225744478,-0.00276213932329

y10x53,0.000775025761534,0.000137351225991,0.00385858489632

y10x50,0.00043881147026,-3.22037096392e-05,0.00542478874136

y16x59,-0.00074525141984,5.34059919868e-05,-0.00108353903309

y10x38,-0.00212235854234,4.73990534169e-05,-0.017397373587

y28x56,-0.00206082987505,0.000128921130089,-0.0122140085753

y28x50,-0.00103970048253,0.000116578541914,-0.000940817926815

y28x53,-0.00131086152117,0.000124708747756,-0.00781596299068

y25x38,-0.00159631882151,0.000186894842153,-0.00580716095713

y13x38,-0.00203991219051,-3.19823328299e-06,-0.00563654007751

y16x53,-0.0019311138769,2.0430708982e-05,-0.0143317669494

y13x53,-0.00203159834819,1.23558377285e-06,-0.0141399583569

y28x59,-0.00325845642377,0.000110803734326,-0.02500978539

y13x50,-0.000260223617836,1.71400136675e-05,0.00337261317648

y10x62,-0.00178905162037,0.000195187735954,-0.0254402971421

