2
left
x_pos
y13x59,-0.00046675205027,0.00057245497669,-0.00012227375266

y22x47,3.20348860217e-06,0.0010721730763,0.000113918281368

y16x56,-0.000549285467408,-0.000238777616578,0.000326764771804

y28x38,-0.00236166275378,0.000836145891479,-0.00082647045582

y19x50,-0.000718995959856,0.000470185093317,0.000419199588253

y19x38,-0.00272619458436,-0.000164334704623,-0.00182704503364

y19x53,-0.000857524326122,0.000848653608013,-0.000902546518559

y22x44,-0.00291086147378,0.00164791422404,-0.00181879539307

y19x56,-0.00138534484872,0.0017283809119,-0.00180632149436

y22x62,-0.00211121303612,0.00158140292323,-0.00192362035649

y13x56,-0.000905145681821,1.74444327054e-05,0.000852765906205

y19x59,0.00096234730759,0.00162991088661,0.00130399489355

y16x50,-0.00142869117983,-0.000305948382138,-0.000814837930114

y10x56,-0.00114975341886,0.00122692771812,-0.00123986767568

y22x65,-0.000254009910583,0.00205375649814,0.00111108446479

y10x41,-0.00299801309143,0.000579009414368,-0.00217456094858

y13x65,-0.000195499915156,0.00187823242499,-0.000263388592335

y10x65,0.000885416463389,0.0016690356708,0.00025000109415

y10x44,-0.00231400452911,0.000981445602519,-0.00277673835552

y13x62,-1.17810538585e-05,0.00122493739167,0.000570823094675

y25x59,-0.00198429463598,0.00173733308594,-0.00148994919651

y10x47,-0.000473052254444,1.40494161179e-05,4.62595047722e-05

y25x56,-0.00291108327764,0.000847441964695,-0.0024683081513

y25x53,-0.000962480046244,0.000875698489847,-0.000231107038338

y25x50,-0.000414245430506,0.000520437303845,0.000484468136798

y28x41,-0.00270065171413,0.000776375475296,-0.00155648523756

y16x38,-0.00150931730293,-0.000354447957919,0.000148324898163

y28x47,-0.00139249633679,0.00134232868683,-4.65933380581e-05

y28x44,-0.0033621835321,0.00112041599209,-0.00178440643922

y13x44,-0.00143253244173,-0.000394005248749,-0.000817616915058

y13x47,-0.000722292038778,4.27788070342e-05,1.95345781429e-05

y16x41,-0.00149441399748,-0.000128930953544,-4.29779564542e-05

y13x41,-0.00149975508943,-0.000462410390967,-1.74680093955e-05

y16x47,-0.000301657553007,-8.86952572235e-05,0.000665000613767

y16x44,-0.00140116479937,-0.000509566251014,-0.000415280885808

y16x65,-4.34834802389e-05,0.00202437716198,-3.15356205108e-05

y28x62,-0.00171863957008,0.00143601125072,-0.000385785994546

y28x65,-0.00111232573165,0.00246111926363,0.000328998091571

y19x65,-7.63443462047e-05,0.00134267818433,7.28914619511e-05

y22x53,-0.000802551322849,0.00129315193301,-0.000418561239914

y22x50,-0.000916465383601,0.000266501809475,-6.03580645843e-05

y22x56,-0.000756231882071,0.00111948505733,0.000481888835635

y19x62,0.000464737717639,0.00160057104055,0.00132114568191

y19x47,-0.00108848007071,0.000473416008731,-0.00044670119559

y25x62,-0.000123881836093,0.00166775929191,0.00149713786387

y19x44,-0.00274762396703,0.000709437612932,-0.00221059954602

y19x41,-0.00297714647069,0.000105619141741,-0.000567799275563

y22x38,-0.00282537106614,2.79722151066e-06,-0.00212592468003

y25x41,-0.00220779062451,0.000945662485472,-0.00174574867887

y25x65,0.000400935778486,0.00206744741621,0.00194952710767

y25x44,-0.0022969196392,0.000960888603738,-0.00105343970724

y16x62,-0.000154440982215,0.000665309221973,0.000328509756605

y10x59,0.000796512584262,0.00123141991821,-0.000179417783997

y25x47,-0.00237971468406,0.00168184883958,-0.0016846894579

y22x41,-0.00323723953587,0.00093301412314,-0.00252786311345

y22x59,-0.00099558212245,0.00176926517173,-0.000373387131439

y10x53,0.000775622914327,0.000895892861215,0.000924482294415

y10x50,0.000179050918441,-0.000135419865168,0.00039236225879

y16x59,-2.86858701695e-05,0.000702806281548,0.00103583723302

y10x38,-0.00195156681855,-0.000489187040957,-0.00138175839901

y28x56,-0.00150660168189,0.000574227791251,-0.00114689516932

y28x50,-0.0016389386267,0.00136507207158,-0.000628279892074

y28x53,-0.00162881357037,0.000861320669165,-0.00125039438508

y25x38,-0.00151512834658,0.00150542121733,-0.000945154105057

y13x38,-0.00113665183343,2.23823248829e-05,-0.000129512541004

y16x53,-0.00236316619359,-0.000264666148101,-0.00190285678959

y13x53,-0.00114467283161,0.000192363119497,-0.00150722586691

y28x59,-0.00286795589268,0.000370834323564,-0.00354198169323

y13x50,-0.00161743397798,0.000375022414283,-0.000915497951561

y10x62,-0.000493065414378,0.00238252423871,-0.00244651452535

