28
left
x_pos
y13x59,-0.0011513853003,8.18045487265e-05,-0.0203119696604

y22x47,-0.00130027240866,8.65279556756e-05,-0.0105246206145

y16x56,0.000635737338142,5.14945419474e-05,0.0208830335137

y28x38,-0.00185295142363,4.19574965431e-05,-0.00743359668822

y19x50,-0.000279124294312,5.06045961934e-05,-0.00336589613016

y19x38,-0.00326559604223,-3.88803589152e-05,-0.0302194610029

y19x53,-0.0010377850918,6.98057085724e-05,-0.0107059094479

y22x44,-0.00266000915321,9.70486308294e-05,-0.0287715574175

y19x56,-0.0011822660092,9.74146945789e-05,-0.0109895320846

y22x62,-0.00212779637361,0.000113225942101,-0.0292643765954

y13x56,-0.00116131359235,2.913944413e-05,-0.00630048837385

y19x59,-0.000104527588882,0.000119769814207,0.0105409804222

y16x50,-0.00127034159952,2.7922775184e-05,-0.0139647664727

y10x56,-0.00108425296661,0.000112479779297,-0.0260227291701

y22x65,0.000346304399024,0.000142743274195,0.0253197772144

y10x41,-0.00303178811164,2.724160848e-05,-0.0293053663264

y13x65,-0.000121482933191,0.000116079463451,-0.00680216466855

y10x65,0.00186825071259,0.000128393637729,0.0366255014979

y10x44,-0.00281610949753,2.89306097648e-05,-0.0270263743479

y13x62,0.00101795602195,0.000139276130957,0.0232849077558

y25x59,-0.00232960498112,9.85925783837e-05,-0.028328978713

y10x47,-0.00106146209117,2.63761987431e-06,-0.00628650615922

y25x56,-0.00223988979227,6.05712648245e-05,-0.0267806392359

y25x53,-0.000562381493155,4.76750960206e-05,-0.00193422568877

y25x50,-0.000711741984294,5.45206368032e-05,-0.00176474441323

y28x41,-0.00321105105334,6.3728030864e-05,-0.0234361223854

y16x38,-0.00172300285682,9.36668038157e-06,-0.00923117705633

y28x47,-0.00169611911979,0.000101259745224,-0.00699656252893

y28x44,-0.00353713489403,8.68277100667e-05,-0.0237378198896

y13x44,-0.00253154948258,3.51238434464e-05,-0.0228861046567

y13x47,1.19293135132e-05,-1.81355652931e-05,0.00787171866779

y16x41,-0.00193912674721,2.69684868047e-05,-0.0128616315604

y13x41,-0.00201793181408,-2.41098923254e-05,-0.0063882189242

y16x47,0.000217419327756,3.37564181516e-05,0.00752813132822

y16x44,-0.0015529001733,-1.15053470383e-05,-0.00991445920236

y16x65,-0.000153498088427,0.000145620089879,-0.00225444522097

y28x62,-0.00126132227995,0.000134111069645,0.00371285887146

y28x65,-0.000605844882366,0.000161641868895,0.0163139831744

y19x65,-0.000586456556821,0.000111642631261,-0.0038722909609

y22x53,-0.000601387771523,8.90690918466e-05,-0.00267569305114

y22x50,-0.000186584691139,5.26022333954e-05,0.00181142372727

y22x56,-0.00148535369647,9.76050947531e-05,-0.0101185278961

y19x62,-0.000165428394011,0.000114617897962,0.0122556457689

y19x47,-0.00112062840154,6.68014640099e-05,-0.0113364455124

y25x62,-4.35808675199e-05,0.000142139599033,0.0189946526466

y19x44,-0.0030037488704,5.09702603916e-05,-0.0293799971811

y19x41,-0.00263467625144,7.21686100734e-06,-0.0168802589513

y22x38,-0.00283359088865,1.25535671666e-05,-0.0285408726725

y25x41,-0.00250612792892,5.59321251565e-05,-0.022454839766

y25x65,-0.00057146935622,0.000153542441283,0.00896508455572

y25x44,-0.00324056985992,6.73695656886e-05,-0.0241601381723

y16x62,0.000105394373023,6.9915527066e-05,0.0109105883026

y10x59,-0.000109100177629,0.000120164647139,-0.0024106852269

y25x47,-0.00198110214693,0.000112768084682,-0.017466358884

y22x41,-0.0034244360761,4.65286024685e-05,-0.0282928539525

y22x59,-0.00100536186402,0.000108552959573,-0.00393981685123

y10x53,0.000584298596734,7.64243577379e-05,0.00490463423614

y10x50,0.000460492774752,-9.42924602877e-06,0.0102757172714

y16x59,-0.000982506425577,3.00822643095e-05,-0.00433576984983

y10x38,-0.00209964299511,2.6501677194e-05,-0.032263064622

y28x56,-0.00206339432466,6.93710044599e-05,-0.0213001143987

y28x50,-0.0010147942826,5.81407781952e-05,-0.00136290246114

y28x53,-0.00121334585078,6.22388560795e-05,-0.0128792295258

y25x38,-0.00164107020256,0.000101924707994,-0.0112973838519

y13x38,-0.00197018408953,-5.58768380639e-06,-0.00957352032341

y16x53,-0.0018656978517,1.53421432857e-05,-0.0251152163028

y13x53,-0.00224038862528,1.08250787572e-05,-0.027458836055

y28x59,-0.00327657681935,5.78531171274e-05,-0.0463223802076

y13x50,-0.000189744585971,1.10087667859e-05,0.00786637015541

y10x62,-0.00184085442365,0.000102717157821,-0.0462503653535

