11
left
x_pos
y13x59,-0.00092205707483,0.000152727528773,-0.00566140052341

y22x47,-0.00104348802632,0.000213166476619,-0.00248915357408

y16x56,0.000760778192276,5.77168284977e-05,0.00936501270732

y28x38,-0.0020663696131,0.000125562395806,-0.00385160886335

y19x50,-0.000676190928448,0.000111969850823,-0.00203969047994

y19x38,-0.00308140435845,-0.000102290000291,-0.0117263049632

y19x53,-0.00118895907379,0.000164554174767,-0.00525683187632

y22x44,-0.00265909780933,0.000237492033431,-0.011049857309

y19x56,-0.000944858592001,0.000240674693561,-0.00285446505796

y22x62,-0.0020718397331,0.000290375306666,-0.0119743504456

y13x56,-0.00129767107754,8.12868890817e-05,-0.0021235053294

y19x59,9.21883484044e-05,0.000328301018301,0.00485075328403

y16x50,-0.00122311036005,8.64000181817e-05,-0.00632562927279

y10x56,-0.00104571500486,0.000289701303323,-0.0105342738829

y22x65,0.000601272102042,0.000345016334533,0.0130597712563

y10x41,-0.0029760667201,6.80187511576e-05,-0.0116292486072

y13x65,-0.000199710581854,0.000309401791007,-0.00359876437029

y10x65,0.0016509551628,0.000303045863426,0.0109806292803

y10x44,-0.00272363071785,9.05742427666e-05,-0.0107884195581

y13x62,0.00064877698368,0.000360193289252,0.00759369295965

y25x59,-0.00244092877725,0.000268375408928,-0.0118168589105

y10x47,-0.00103075669535,-4.74216623464e-06,-0.00206900433573

y25x56,-0.0023657619245,0.000127009725664,-0.0112912134944

y25x53,-0.000329072722296,0.000133978593016,0.00084495012744

y25x50,-0.000659373898436,0.00012500727001,-0.000967603749106

y28x41,-0.00299497956044,0.000156314573133,-0.00987067087848

y16x38,-0.00163903539673,1.67169107502e-05,-0.00202806742326

y28x47,-0.00160173473868,0.000250836020734,-0.0013533229363

y28x44,-0.00340170139407,0.000219225080762,-0.00889917593729

y13x44,-0.0024701500113,6.50888389859e-05,-0.00815159288531

y13x47,8.5575382618e-05,-3.7912308788e-05,0.00250701005005

y16x41,-0.00160736006266,4.66402929512e-05,-0.00327521994192

y13x41,-0.0018384520569,-4.53099539687e-05,-0.00255719948812

y16x47,0.000309557242064,9.34071562591e-05,0.00295102120774

y16x44,-0.00133265582717,-5.77590760782e-05,-0.00283367917688

y16x65,-4.37926444237e-05,0.000377576852885,-0.00120116772247

y28x62,-0.00125541792523,0.000315616944821,0.000766970915563

y28x65,-0.000680334674102,0.000389187553669,0.00587990335936

y19x65,-0.000648482261719,0.000309471848397,-0.00311119044201

y22x53,-0.000738833098002,0.000219566079976,-0.00212367395224

y22x50,-0.000320854655878,0.000130504411489,-0.000721806868042

y22x56,-0.00164070403216,0.000207590719024,-0.00545886433653

y19x62,-0.000241528581465,0.000291728407262,0.003160913101

y19x47,-0.00101366857854,0.000178167114921,-0.0038103452665

y25x62,0.000367518255369,0.000364394488654,0.00984789456514

y19x44,-0.00296710193599,0.000108889098707,-0.0115336522393

y19x41,-0.00239478797145,5.56332428921e-06,-0.00575310415546

y22x38,-0.00274273028017,5.51957753685e-05,-0.0116257100919

y25x41,-0.00235690928491,0.000160267897972,-0.00948679393468

y25x65,-0.000501774870138,0.000394779608911,0.00385312268743

y25x44,-0.00282258419847,0.000164680041854,-0.00844183577086

y16x62,-8.55483361337e-05,0.000147369673723,0.00268424249292

y10x59,-0.000105968096394,0.000287225536971,-0.00132247134809

y25x47,-0.00188791818363,0.000303761592566,-0.00701001000993

y22x41,-0.00335237995383,0.000117594806707,-0.0115486403575

y22x59,-0.000844573915619,0.000281780424415,-5.77995884019e-05

y10x53,0.000738813383155,0.00018899410828,0.00244586804121

y10x50,0.000422816855313,-6.04491798716e-05,0.00405339946571

y16x59,-0.000678622465371,4.51660535734e-05,0.00120522398606

y10x38,-0.00225988598902,3.42803072772e-05,-0.012406258032

y28x56,-0.00205854716472,0.000175862404648,-0.00976089353253

y28x50,-0.00106680639822,0.000181139430325,-0.00123145935453

y28x53,-0.00136082966838,0.000180019674517,-0.00614050184388

y25x38,-0.0015692003723,0.000250510058767,-0.00438678132542

y13x38,-0.00201472879597,-1.07629268866e-05,-0.00422980552192

y16x53,-0.00183601655729,3.10997574684e-05,-0.0100465201352

y13x53,-0.00190558757951,-7.69931226499e-06,-0.00962392625141

y28x59,-0.00313950943483,0.000138463127843,-0.018194826979

y13x50,-0.000534290511607,4.20597930232e-05,0.00125004646055

y10x62,-0.00181148692621,0.00026240206193,-0.0183592741458

