6
left
x_pos
y13x59,-0.000655420683883,0.000281208921888,-0.00207928395297

y22x47,-0.000831458088867,0.000423103724365,-0.00122088281367

y16x56,0.000908909704376,1.34702102098e-05,0.00579115796512

y28x38,-0.00242404398848,0.000267936828882,-0.0024889524918

y19x50,-0.000828480196471,0.000155785073124,-0.00175733324504

y19x38,-0.00286860655387,-0.000249734194196,-0.0056143575267

y19x53,-0.00126946129274,0.000292331811906,-0.00306104289139

y22x44,-0.00304537131179,0.000496182966867,-0.00678035747897

y19x56,-0.000771615536752,0.000463754783498,-0.00114362379462

y22x62,-0.00223413120641,0.000426914265844,-0.00678774451924

y13x56,-0.000893831418815,9.58011666388e-05,0.00094061474953

y19x59,0.000693346411194,0.000644964089001,0.00571201288389

y16x50,-0.00149917967018,0.000144480666957,-0.00440117014995

y10x56,-0.00105072526687,0.00050372094443,-0.00518966282766

y22x65,0.000789547487922,0.000597725628247,0.00797009006234

y10x41,-0.00313424402445,9.16547247504e-05,-0.00670606024809

y13x65,-0.000326625628635,0.000557469644337,-0.00148729856057

y10x65,0.00138897685304,0.000516646821977,0.00461514275575

y10x44,-0.00259227515177,0.000212675616338,-0.0067177681256

y13x62,0.00043585884807,0.00057792103068,0.00355358966203

y25x59,-0.00225661480822,0.000544313777536,-0.00571567997715

y10x47,-0.00123409945803,4.90269736123e-05,-0.00173446814628

y25x56,-0.00252944276112,0.000264386663582,-0.00656093194171

y25x53,-0.000460690936203,0.000282401779325,0.000184830579411

y25x50,-0.000631510567154,0.000249384741346,-0.000231529883911

y28x41,-0.00287457827339,0.000254819188686,-0.00496000952992

y16x38,-0.00145103548033,4.33300493965e-05,-0.000648222813875

y28x47,-0.00159144400504,0.000487417961369,-0.00121721480012

y28x44,-0.0033738920776,0.000403216519923,-0.00554476560011

y13x44,-0.00239052966378,9.98103786207e-05,-0.00444451174211

y13x47,-4.93616191771e-05,-4.24722683275e-05,0.00124797149699

y16x41,-0.00147874646883,4.4730350092e-05,-0.00131094920182

y13x41,-0.00167958914915,-4.05321978312e-05,-0.00148182503495

y16x47,0.000450418331671,0.00022535428027,0.00232533710471

y16x44,-0.000896098914948,-0.000219672988567,-0.000470014099073

y16x65,8.1511805601e-05,0.000707405712538,-0.00028458209115

y28x62,-0.00152166082291,0.000575662002302,-0.000708836192493

y28x65,-0.000645668583652,0.000764832031943,0.00278453286151

y19x65,-0.000666283271089,0.000492069866277,-0.00140058557292

y22x53,-0.000641992010061,0.000435503678748,-0.000301292345795

y22x50,4.21869074873e-05,0.000237311246291,0.000223204821654

y22x56,-0.00188977547094,0.000336448378837,-0.00330189744252

y19x62,-0.000367581720054,0.000521279641001,0.00181755160113

y19x47,-0.000949654631801,0.00032037724596,-0.00178473101448

y25x62,0.000650824251536,0.000681510834385,0.00650262447448

y19x44,-0.00308055588104,0.000227868859901,-0.0064959507568

y19x41,-0.00265517315217,-5.53261619937e-05,-0.00292537940861

y22x38,-0.00272745844866,0.000153231555418,-0.00669751014542

y25x41,-0.00230712623613,0.000257881505874,-0.00482870075338

y25x65,-0.000766160804813,0.000726648255775,0.000534392904218

y25x44,-0.00285740724459,0.000306313138121,-0.00473955801261

y16x62,-0.000318496127863,0.000205892492827,0.00133331998921

y10x59,-0.000180963026903,0.00046575889366,-0.00224029767512

y25x47,-0.00200136161973,0.000566801558618,-0.00431105322875

y22x41,-0.0033969570993,0.000270961933026,-0.00568601338178

y22x59,-0.00106175721997,0.000552339936737,-0.000404668907402

y10x53,0.000678125485937,0.000343974183111,0.00152216882463

y10x50,0.000203264345333,-8.94738941414e-05,0.00192957627177

y16x59,-0.000330822628996,3.40507993147e-05,0.00245866997023

y10x38,-0.0021786581737,3.44449773964e-05,-0.00616323307902

y28x56,-0.00211523796432,0.00031146833965,-0.00530334562774

y28x50,-0.00118038855982,0.000334371879462,-0.000717107781394

y28x53,-0.00156074266571,0.000310263862975,-0.00384479692719

y25x38,-0.0015601421956,0.000496887017775,-0.00263684602151

y13x38,-0.00208189201075,2.087485815e-05,-0.00205627876926

y16x53,-0.00184168439922,1.17426264212e-05,-0.00552458693843

y13x53,-0.00194894908556,3.80273950635e-05,-0.00531295985489

y28x59,-0.00308069994303,0.000249425775664,-0.00935412963842

y13x50,-0.000812292918759,6.24505333152e-05,-0.000211681582038

y10x62,-0.0014390916341,0.000521945612648,-0.00963318586515

