9
left
x_pos
y13x59,-0.000907043299393,0.000202455492055,-0.00504068142575

y22x47,-0.00103033778303,0.000271851929521,-0.00211414528861

y16x56,0.000630122643388,8.94506587577e-05,0.00627902255001

y28x38,-0.00215291893178,0.000161469025512,-0.00319927203532

y19x50,-0.000631334974507,0.000146618561562,-0.00135336438928

y19x38,-0.0029947378403,-0.000107766574791,-0.00951604585671

y19x53,-0.00108069320227,0.000203497951052,-0.00392023451061

y22x44,-0.00263679586072,0.000310126056402,-0.00943817815587

y19x56,-0.000957347483675,0.00030578389518,-0.00253862347599

y22x62,-0.00195809269737,0.00034972292837,-0.008802217106

y13x56,-0.00115080097923,0.000113369658171,-0.000788757785429

y19x59,-1.19909842061e-05,0.000385076447543,0.00261736585477

y16x50,-0.00101833762998,0.000108603075361,-0.0043339613621

y10x56,-0.00103704321796,0.000310655171134,-0.00777946806842

y22x65,0.000424641487431,0.00041009510546,0.00979658190962

y10x41,-0.00294231491415,6.99274711071e-05,-0.00941064911177

y13x65,-0.000262085690421,0.000390096921614,-0.00265760264324

y10x65,0.00161385447696,0.000359310305355,0.00880241197318

y10x44,-0.00278698015164,0.000132834475233,-0.00938490180487

y13x62,0.000651186122396,0.000414845027978,0.00630631822548

y25x59,-0.00257420000188,0.000318974477785,-0.0106387273851

y10x47,-0.00105092007674,-1.51125686039e-06,-0.00151260709982

y25x56,-0.00253864466587,0.000155286423782,-0.00954209179432

y25x53,-0.00023132922745,0.00016821257608,0.00115502355926

y25x50,-0.000676949227837,0.000167584115704,-0.000747384134023

y28x41,-0.00299422881088,0.000193226280301,-0.00792608984627

y16x38,-0.00158621073288,1.14243781519e-05,-0.00205743645747

y28x47,-0.00165729688618,0.000307759197977,-0.00158205237592

y28x44,-0.00347431158243,0.000278102794463,-0.00771836801437

y13x44,-0.00249746820775,7.32161571556e-05,-0.00700293351782

y13x47,1.25280779201e-07,-4.18093938999e-05,0.0021096424914

y16x41,-0.00163680488554,4.11549161031e-05,-0.00295344526608

y13x41,-0.00176414618643,-2.8964490359e-05,-0.00234245318401

y16x47,0.000291840915117,0.000117484989994,0.00261950666815

y16x44,-0.00146408084802,-6.64565080919e-05,-0.00285042088148

y16x65,-0.00016075879816,0.000454854700795,-0.00135239015746

y28x62,-0.00122340484785,0.000374955457482,9.44051704397e-05

y28x65,-0.00075211704672,0.00048849340244,0.00409562125371

y19x65,-0.000514304648555,0.000357835807275,-0.00176237547331

y22x53,-0.000866450951453,0.000266816769658,-0.00218189421644

y22x50,-0.000513086284545,0.000167847856036,-0.00159026656437

y22x56,-0.00146252144714,0.000251953142203,-0.00277198910649

y19x62,-0.000172951187759,0.000357390594365,0.00341672330647

y19x47,-0.000788534336758,0.000202591460164,-0.00232718532372

y25x62,0.000397528236956,0.000434842725182,0.00753206844897

y19x44,-0.0030317498635,0.00012516114215,-0.00934232821819

y19x41,-0.00246537896445,-2.6661538703e-05,-0.00476038313625

y22x38,-0.0028542262106,4.55774504573e-05,-0.00958648995672

y25x41,-0.00240520380152,0.000193953403754,-0.00802259233658

y25x65,-0.00054350576165,0.000476131334629,0.00280986463168

y25x44,-0.00277164678032,0.000204830794282,-0.0071525897378

y16x62,-7.96806621099e-05,0.000193588520015,0.00248968725898

y10x59,-0.000190749797305,0.000345211122376,-0.00234497875392

y25x47,-0.00186429885918,0.00037341202955,-0.00590646232954

y22x41,-0.00337039588597,0.000142227264174,-0.00903857240558

y22x59,-0.000923878002871,0.000353182579114,5.184686021e-05

y10x53,0.000817591568442,0.000232153416132,0.00229875029595

y10x50,0.000426032193255,-6.48019219231e-05,0.00347302995181

y16x59,-0.000597007297775,6.2232566434e-05,0.00108139016225

y10x38,-0.00219113899671,5.10082755224e-05,-0.0100800358006

y28x56,-0.0020517166848,0.000209515324438,-0.00764178884166

y28x50,-0.00104437469455,0.000209046060724,-0.000527425051085

y28x53,-0.00140322971423,0.000214481054617,-0.00506123374662

y25x38,-0.00165256605914,0.000306913870831,-0.00397265217048

y13x38,-0.00200263714193,-1.41618113571e-05,-0.00337262334665

y16x53,-0.00171653897025,3.23322360001e-05,-0.00767972540866

y13x53,-0.00185316352504,-1.31979335799e-05,-0.00741156222114

y28x59,-0.00314400090847,0.000173672529052,-0.0149591164678

y13x50,-0.000676803672518,3.12822340118e-05,0.000859372696987

y10x62,-0.0016940604363,0.000326199577255,-0.01491419518

