20
left
x_pos
y13x59,-0.00102451026004,0.000113437525646,-0.0133508900893

y22x47,-0.00117303189687,0.000120761162564,-0.00579511445642

y16x56,0.000427793984937,6.53006704562e-05,0.0128630701393

y28x38,-0.00192595915393,5.87619320206e-05,-0.00585741308975

y19x50,-0.000303938373519,7.28495226633e-05,-0.0020155595294

y19x38,-0.00321273872072,-4.86403102131e-05,-0.021610083943

y19x53,-0.00121055888269,0.000100268054417,-0.00979362458533

y22x44,-0.00282404447968,0.00013365594895,-0.0208981666707

y19x56,-0.00132952507387,0.000136233752487,-0.00984533601242

y22x62,-0.0021242088386,0.000157348565067,-0.0218300173807

y13x56,-0.00126810275214,4.32890556466e-05,-0.00419696689429

y19x59,-0.000194081874886,0.000167161032323,0.00500752871567

y16x50,-0.00106039557534,4.03752585402e-05,-0.00869547349328

y10x56,-0.00114512266857,0.000154958435637,-0.0194207432312

y22x65,0.000289003979788,0.000196047111817,0.0172446569713

y10x41,-0.00283133744553,3.44586322887e-05,-0.0201064175019

y13x65,-0.000160732099972,0.000159994661124,-0.00595457861102

y10x65,0.00174555733294,0.000174615021173,0.0243803972468

y10x44,-0.00287846673841,4.51030587859e-05,-0.0198265567442

y13x62,0.00105959614579,0.000199416991688,0.0174326932168

y25x59,-0.00242145928056,0.000134339368211,-0.0211326641772

y10x47,-0.0011555654312,-6.37588584334e-06,-0.00377887145756

y25x56,-0.00227387821466,7.94629692667e-05,-0.0191734662942

y25x53,-0.000477311937299,6.73281586075e-05,-0.000748603955527

y25x50,-0.000707438783044,7.50680788525e-05,-0.00212103851512

y28x41,-0.00327253023473,9.20938101741e-05,-0.0171184724512

y16x38,-0.00174886994948,9.9976256956e-06,-0.00661735036997

y28x47,-0.00168890304002,0.000140523942587,-0.00441693133536

y28x44,-0.00349241768999,0.000125716745664,-0.0168789614546

y13x44,-0.00242231500594,4.79940203598e-05,-0.0153458349747

y13x47,5.95403934423e-05,-1.71737916114e-05,0.00489403706469

y16x41,-0.00194018801104,3.10141668605e-05,-0.00873982767305

y13x41,-0.00200170214393,-3.16208949245e-05,-0.00498737079736

y16x47,0.000188649745432,3.952866142e-05,0.00559073391685

y16x44,-0.00153604706795,-1.28309470087e-05,-0.00750109287747

y16x65,-0.000109246353768,0.000198044490651,-0.000635175705004

y28x62,-0.00124492027678,0.000182164877893,0.00166567085781

y28x65,-0.000712110859574,0.000228200104397,0.0104061240357

y19x65,-0.000662676759226,0.00015689380116,-0.00435825422665

y22x53,-0.000608228560265,0.0001185958973,-0.0030915016403

y22x50,-0.000301308092589,6.98874261653e-05,-0.000614140562317

y22x56,-0.00139512484074,0.00013429074294,-0.00658339870186

y19x62,-0.000162150571233,0.000159050050207,0.00789540962044

y19x47,-0.00114531310389,9.16208481714e-05,-0.0083146437728

y25x62,-3.95535490608e-05,0.000194375574915,0.0132304844081

y19x44,-0.00293728902536,6.73315443832e-05,-0.0213982826512

y19x41,-0.00261890954994,1.21764464327e-05,-0.0120397945806

y22x38,-0.00280294042884,1.64319254319e-05,-0.0205897114683

y25x41,-0.00243023585096,8.05956768996e-05,-0.0163215199474

y25x65,-0.00042743608587,0.000209167229746,0.00821831821611

y25x44,-0.00310171964726,9.1011199496e-05,-0.0165745114394

y16x62,0.00018953062756,0.000101953142131,0.00874132886236

y10x59,-0.000125715782266,0.000166536076443,-0.00219698898473

y25x47,-0.00192590617782,0.000159105179579,-0.012053119145

y22x41,-0.00329000984048,6.55490100927e-05,-0.0199120002047

y22x59,-0.00108759792195,0.000142735386835,-0.00351947295598

y10x53,0.000655625878664,9.96625397363e-05,0.00449365837757

y10x50,0.000523862331332,-1.91200738371e-05,0.00810755812586

y16x59,-0.000834246227654,5.31595867505e-05,-0.00262771849677

y10x38,-0.00205025691589,3.49045204592e-05,-0.023272916112

y28x56,-0.00201478835488,9.66934559964e-05,-0.014539084039

y28x50,-0.00103191865064,8.43335629504e-05,-0.00146593518279

y28x53,-0.00120842148725,9.19855578454e-05,-0.00935664319545

y25x38,-0.00163913083041,0.000139369441558,-0.0075864180963

y13x38,-0.00197329288566,-6.13472083215e-06,-0.00675726945085

y16x53,-0.0018935127771,2.68100086463e-05,-0.0184351863257

y13x53,-0.00211524217295,2.99185256794e-06,-0.0189777276487

y28x59,-0.00330153413104,8.30388357348e-05,-0.0335243244365

y13x50,-0.000171506332492,1.63575399394e-05,0.00520198501851

y10x62,-0.00182648286861,0.000142267167002,-0.0338910278106

