18
left
x_pos
y13x59,-0.00104267270506,0.000118182746198,-0.0120397684764

y22x47,-0.00116661866131,0.000137926981689,-0.00557817650093

y16x56,0.00051767470696,7.02252443196e-05,0.0129426884336

y28x38,-0.00193499774932,7.19297505584e-05,-0.0055289209355

y19x50,-0.000347255808656,7.44966650822e-05,-0.00174267156254

y19x38,-0.00320240948533,-5.19226717224e-05,-0.0193525776349

y19x53,-0.00118638948001,0.000113771775092,-0.00896153330923

y22x44,-0.00274387766785,0.000146551532367,-0.0180485353536

y19x56,-0.00124072937373,0.000153745883177,-0.00759008306824

y22x62,-0.00214317635345,0.000172579470828,-0.0198885529833

y13x56,-0.00127852404594,4.32411909818e-05,-0.0041615332822

y19x59,-9.70774976387e-05,0.000191116832243,0.00568756097509

y16x50,-0.00107515736218,3.98843425694e-05,-0.00832948343144

y10x56,-0.00109785091921,0.000174067003538,-0.0166450125061

y22x65,0.000371460093279,0.000218074144452,0.0160730917441

y10x41,-0.00282805344772,4.07513995753e-05,-0.0182222771242

y13x65,-0.000169615852356,0.000174203587361,-0.00552050317028

y10x65,0.00173021384621,0.000189758473819,0.0214105377761

y10x44,-0.00286707022279,5.13891168976e-05,-0.01812456758

y13x62,0.000999871293943,0.00022348429027,0.0148017692692

y25x59,-0.00242652087834,0.000151635223852,-0.0186957903459

y10x47,-0.00113890949946,-3.51675374905e-06,-0.00365112540494

y25x56,-0.00221151835522,8.59425919808e-05,-0.0164414933136

y25x53,-0.000444334811281,7.4787632988e-05,-0.000433614611463

y25x50,-0.000670344212284,8.45582376485e-05,-0.0014936385824

y28x41,-0.00319638635258,9.89010196071e-05,-0.0155280607915

y16x38,-0.00170742172406,1.30175223853e-05,-0.0056098992195

y28x47,-0.00172963063481,0.000151920359369,-0.00398468832186

y28x44,-0.00353526857208,0.000141702629009,-0.0154854249249

y13x44,-0.00240952563548,5.2501087566e-05,-0.0138716085883

y13x47,9.20146003574e-05,-1.8879556493e-05,0.00462709064624

y16x41,-0.00192287929291,3.41213769007e-05,-0.00741117523044

y13x41,-0.0019950028116,-3.0779214754e-05,-0.00484171363004

y16x47,0.000251246378808,4.52969107919e-05,0.00493663009252

y16x44,-0.00146579683248,-1.75442507817e-05,-0.00610539804186

y16x65,-5.12249683506e-05,0.000222761752447,-0.000520138628787

y28x62,-0.00126576425553,0.000203627954964,0.00151997805591

y28x65,-0.00069036075828,0.000248213614874,0.00962971642311

y19x65,-0.000662301473511,0.000174269762076,-0.00474301798224

y22x53,-0.000613122116697,0.000134284149782,-0.0027074787876

y22x50,-0.000300886614174,7.67400606703e-05,-0.000258371976123

y22x56,-0.00142451825051,0.000146195720075,-0.00583894471723

y19x62,-9.02167034515e-05,0.000175552360517,0.00821953578346

y19x47,-0.0011098954545,9.98063304747e-05,-0.00751557859242

y25x62,3.17541764139e-05,0.000220479291019,0.0124295089227

y19x44,-0.00300065269298,7.09143606251e-05,-0.0193408290468

y19x41,-0.00263521680859,1.14383155619e-05,-0.0102907012379

y22x38,-0.00270967052433,1.99015128925e-05,-0.0183799451918

y25x41,-0.00239452856428,9.09907045861e-05,-0.0147039897014

y25x65,-0.000447695167235,0.000232337951583,0.00671867571047

y25x44,-0.00303259968252,0.000102696391288,-0.0147402008536

y16x62,6.48832029863e-05,0.000109568456848,0.0070974305407

y10x59,-0.000211519606656,0.000186045804573,-0.00330342953686

y25x47,-0.00198486500766,0.000179431844848,-0.0111299898939

y22x41,-0.00322022779707,7.3654601874e-05,-0.0179750352065

y22x59,-0.00113574029888,0.000157565422992,-0.00329803456648

y10x53,0.0007323936918,0.000111074047927,0.00431138360791

y10x50,0.000501157066076,-2.16445461924e-05,0.00722386621668

y16x59,-0.000814401205673,5.09630393815e-05,-0.00227479108969

y10x38,-0.00210198868933,4.50653657388e-05,-0.0217750038509

y28x56,-0.00208902944777,0.000109518316696,-0.0141237892131

y28x50,-0.00097591463721,9.25935583829e-05,-0.000712378509403

y28x53,-0.00119838364512,0.00010126595344,-0.00816484503417

y25x38,-0.00164699152072,0.000154749516778,-0.00697361656931

y13x38,-0.00198991108525,-5.7552081449e-06,-0.00594323203878

y16x53,-0.00194080032079,2.74247219834e-05,-0.0170742075123

y13x53,-0.00205754749421,3.68654590209e-06,-0.0169513559496

y28x59,-0.00328036005669,9.29092218846e-05,-0.0297881456915

y13x50,-0.000260714613761,1.61829377221e-05,0.00418165275884

y10x62,-0.00176252332686,0.000163705494791,-0.0302989773651

