13
left
x_pos
y13x59,-0.000975892703844,0.000144599082394,-0.00794567777603

y22x47,-0.00109552783665,0.000184705630967,-0.00322082351302

y16x56,0.000661785376838,6.48397487927e-05,0.010355782183

y28x38,-0.00206539974813,0.000110291933399,-0.00477339769937

y19x50,-0.000492865917595,9.65514100018e-05,-0.00143260010312

y19x38,-0.00313771020014,-7.94712107977e-05,-0.0143740276201

y19x53,-0.00118011390317,0.000149129788155,-0.00590199811505

y22x44,-0.00274330271726,0.000211822643702,-0.0132136425201

y19x56,-0.00108548447477,0.000206551186852,-0.00468194617168

y22x62,-0.00198885309045,0.000237663689483,-0.0131386069643

y13x56,-0.00136327526998,6.64976025105e-05,-0.00323747122635

y19x59,-6.28144216188e-05,0.000263145783494,0.00475446104284

y16x50,-0.00118171839598,7.14527338454e-05,-0.00697347966586

y10x56,-0.00111981720262,0.000235488698149,-0.0115889364016

y22x65,0.000399142406701,0.000294313184727,0.0133291467357

y10x41,-0.0030214448995,4.03131803971e-05,-0.0132993797288

y13x65,-0.000175580361386,0.000259231088393,-0.00438134073817

y10x65,0.00162833610809,0.000250912435224,0.0136123720963

y10x44,-0.00278123685057,6.52085429229e-05,-0.012533354165

y13x62,0.00080277652177,0.000305179913868,0.01018732272

y25x59,-0.00244955314894,0.000228546686792,-0.0139758991005

y10x47,-0.00114200062595,-1.14595804926e-05,-0.00243688697621

y25x56,-0.00222288905265,0.000116890417279,-0.0122710070614

y25x53,-0.000354506329392,0.000108646368974,0.000949174548928

y25x50,-0.000679523309394,0.000106753525605,-0.00108796570205

y28x41,-0.00312104522796,0.000138268230853,-0.0117739965282

y16x38,-0.00175682849922,1.53898339541e-05,-0.00315636220648

y28x47,-0.00166485723772,0.000212289833017,-0.00211732033114

y28x44,-0.0035861692911,0.000191615571396,-0.0111928883865

y13x44,-0.00237238001704,6.35000676311e-05,-0.00972161182479

y13x47,6.41033301621e-05,-2.95125531928e-05,0.00295618429908

y16x41,-0.00176489372865,4.77521170022e-05,-0.00462759835439

y13x41,-0.00198165201057,-4.30112441519e-05,-0.00342390657396

y16x47,0.000290442032931,7.78008663493e-05,0.0035715987154

y16x44,-0.00135393242991,-3.17684432325e-05,-0.00432350646528

y16x65,-9.42057051752e-05,0.000320613375158,-0.000944862245957

y28x62,-0.00131420554492,0.000273006955809,0.00024010870115

y28x65,-0.00075522958135,0.000340879545479,0.00660412586881

y19x65,-0.000658358620635,0.000258894723031,-0.00317562515724

y22x53,-0.00063621956914,0.000179908993928,-0.00178023590447

y22x50,-0.000362385163474,0.000111387536699,-0.000829163663661

y22x56,-0.00151447852157,0.000179109821031,-0.00463988041385

y19x62,-0.000171963534304,0.000248729200074,0.00465199077589

y19x47,-0.00101892084701,0.000145991108605,-0.00489549960116

y25x62,0.000221021653691,0.000296868262127,0.0107469699499

y19x44,-0.00296148024866,0.000101456872835,-0.0136567496571

y19x41,-0.00252138523442,1.53807557416e-05,-0.00718122440549

y22x38,-0.00269475641192,3.88896395916e-05,-0.0133395622175

y25x41,-0.00234529542511,0.000131665263124,-0.0110312359862

y25x65,-0.000500367123601,0.000322876087921,0.00426848962964

y25x44,-0.00279984591788,0.000144057756606,-0.0102289670341

y16x62,3.67246078729e-05,0.000130777462732,0.00435656982566

y10x59,-0.000163322470714,0.000241748839104,-0.00241241721401

y25x47,-0.00190923011407,0.000252649043295,-0.00828712395424

y22x41,-0.00331074070624,9.64364305037e-05,-0.0135142424823

y22x59,-0.000936965931315,0.000229302988587,-0.00126571791085

y10x53,0.000776723658578,0.000157438579711,0.00314131547828

y10x50,0.000423419887155,-5.0859968311e-05,0.00475483489522

y16x59,-0.000714594505366,5.30342908845e-05,-0.000253540136206

y10x38,-0.00216288568692,5.17034583363e-05,-0.015120492987

y28x56,-0.00201492798009,0.000140448719623,-0.011145986924

y28x50,-0.00103600477957,0.000134973803058,-0.000990584182774

y28x53,-0.00136189703736,0.000142634116966,-0.00757380254005

y25x38,-0.00148279423288,0.000223491464063,-0.0051710228393

y13x38,-0.00200038443628,-2.91087472883e-06,-0.00504293070874

y16x53,-0.0018759764399,1.84938387703e-05,-0.0119493038791

y13x53,-0.00197772408786,-9.68569540867e-07,-0.0119979089937

y28x59,-0.00317916027468,0.000114896413951,-0.0215169350726

y13x50,-0.000421034125609,2.87070607735e-05,0.00215702781569

y10x62,-0.00175662194139,0.00022406362507,-0.0215405111361

