30
left
x_pos
y13x59,-0.00112958976408,7.6745861157e-05,-0.0217416234605
y22x47,-0.00126707320752,8.07587626251e-05,-0.0109994053235
y16x56,0.000634689523958,4.82634779632e-05,0.022101671663
y28x38,-0.00180062754798,3.85463936072e-05,-0.00744386137381
y19x50,-0.00028272416312,4.77465640248e-05,-0.00415090677924
y19x38,-0.00326708475677,-3.61798568747e-05,-0.0325358748626
y19x53,-0.00106939673234,6.48538835204e-05,-0.011772085178
y22x44,-0.00264586143998,8.9542410014e-05,-0.030891642621
y19x56,-0.00119619193478,9.08875352241e-05,-0.0119069571537
y22x62,-0.00209300983683,0.000104123597972,-0.0301091239469
y13x56,-0.00112832788123,2.67217016851e-05,-0.00653627819009
y19x59,-0.000111387275998,0.000112915584751,0.011186513151
y16x50,-0.00127669349995,2.62610536143e-05,-0.0145459848147
y10x56,-0.00105363217847,0.000104230963984,-0.0269617673666
y22x65,0.000319266793642,0.000133077086293,0.0263590246953
y10x41,-0.00302080968399,2.58241901801e-05,-0.0314163386263
y13x65,-0.000100800808517,0.000108260142094,-0.00692927006437
y10x65,0.00191047979917,0.000119854461665,0.040341909393
y10x44,-0.00275167505337,2.68934409868e-05,-0.0288365034716
y13x62,0.00104833653944,0.000130222558247,0.0251727909888
y25x59,-0.00238189159244,9.0342154269e-05,-0.0313920070075
y10x47,-0.00106828974007,1.99734721297e-06,-0.00696404126899
y25x56,-0.00222675424548,5.5935644989e-05,-0.0284406579952
y25x53,-0.000503081603654,4.34955052865e-05,-0.00167325138296
y25x50,-0.000699781177285,5.14125714354e-05,-0.00176708060767
y28x41,-0.00326132943401,6.07149582658e-05,-0.0252074594011
y16x38,-0.00171593914548,8.53846647055e-06,-0.0100122260583
y28x47,-0.00171412394835,9.52296838014e-05,-0.00797275406994
y28x44,-0.00353544446377,8.23097318084e-05,-0.02537007572
y13x44,-0.00256366631361,3.1940879445e-05,-0.0242332603842
y13x47,2.81303029108e-05,-1.76999135796e-05,0.00828036093644
y16x41,-0.00189231999729,2.49150712702e-05,-0.0138551467393
y13x41,-0.00204515138243,-2.38735967356e-05,-0.00662995891432
y16x47,0.000222845128656,2.99513995401e-05,0.00812955622311
y16x44,-0.00158283150363,-7.45466116269e-06,-0.0112332097409
y16x65,-0.000152253302717,0.000135522727707,-0.00261819306059
y28x62,-0.00128811561559,0.00012217834418,0.00346659375369
y28x65,-0.000648855768651,0.000151858324287,0.0165209159113
y19x65,-0.000567679978625,0.000101640632397,-0.0026591544051
y22x53,-0.000595615679212,8.3813175599e-05,-0.00302085886686
y22x50,-0.000198812581408,4.82356208147e-05,0.0016656480467
y22x56,-0.00147240243018,9.27173846074e-05,-0.0103251286335
y19x62,-0.00010353056167,0.000106828875946,0.0144695212308
y19x47,-0.00108739436954,6.30045895037e-05,-0.0120931554403
y25x62,-8.21897533421e-05,0.000133590426467,0.0195240079296
y19x44,-0.00299636058122,4.89574181982e-05,-0.0315485310463
y19x41,-0.00259559262585,8.10631432171e-06,-0.0185096445843
y22x38,-0.00285778165993,1.00823131326e-05,-0.0305105966304
y25x41,-0.00246292504464,5.26500489863e-05,-0.0237822937387
y25x65,-0.000549467041013,0.00014159421953,0.00971114344441
y25x44,-0.0032417367134,6.30938400673e-05,-0.0259401491422
y16x62,0.000170824845769,6.61773984837e-05,0.0124684383811
y10x59,-1.64817130864e-05,0.000110830745466,-0.00119693174496
y25x47,-0.00198057390048,0.000106793119697,-0.0188474922822
y22x41,-0.00337460717186,4.379830684e-05,-0.0298524167046
y22x59,-0.00101791531847,9.88196192704e-05,-0.00435586653945
y10x53,0.000586261882152,7.19684450471e-05,0.00509137666314
y10x50,0.000472845695438,-8.09774568609e-06,0.0108068449092
y16x59,-0.00100036317942,2.93056394883e-05,-0.00560908811218
y10x38,-0.00208212727915,2.24058775234e-05,-0.0339611679575
y28x56,-0.00206241018255,6.67638283985e-05,-0.0219847288648
y28x50,-0.00103631516623,5.48681970885e-05,-0.00146140385829
y28x53,-0.00122817512611,5.63903411525e-05,-0.01387802805
y25x38,-0.0016326695602,9.54138513606e-05,-0.012242987989
y13x38,-0.0019342995589,-6.37365764579e-06,-0.00947448699772
y16x53,-0.00185687484847,1.71730255771e-05,-0.0269710989811
y13x53,-0.00223728978847,9.89678988253e-06,-0.0289030571441
y28x59,-0.00326794669195,5.19996607793e-05,-0.0494890423417
y13x50,-0.000175497566393,1.15162617058e-05,0.00823993211088
y10x62,-0.00183910170317,9.6236716907e-05,-0.0494309792758
