29
left
x_pos
y13x59,-0.00114473894849,7.98263836615e-05,-0.0213618198414

y22x47,-0.00128607765758,8.43048521677e-05,-0.0107528610128

y16x56,0.000665938650645,4.92928245251e-05,0.0223901779849

y28x38,-0.00183471501968,4.06258686803e-05,-0.00740336509366

y19x50,-0.000323383223119,4.75041512448e-05,-0.00452617515191

y19x38,-0.00327871829118,-3.87609537101e-05,-0.0313415880363

y19x53,-0.0010329633693,6.64609063086e-05,-0.010494708977

y22x44,-0.0026304819373,9.21002412906e-05,-0.0294147813028

y19x56,-0.00116377246992,9.42446082252e-05,-0.0108042162223

y22x62,-0.00213368828432,0.000108208175514,-0.0304523943301

y13x56,-0.0011396629946,2.82647464845e-05,-0.00609658341366

y19x59,-3.78692306935e-05,0.000117345434322,0.0122785336

y16x50,-0.00132284664309,2.71546295855e-05,-0.0151416739249

y10x56,-0.00105473001463,0.000107450412014,-0.0258501426008

y22x65,0.000358893541851,0.0001385686999,0.0260880927922

y10x41,-0.00301150553041,2.74122774216e-05,-0.0305822922715

y13x65,-0.000113011551766,0.000111697293084,-0.00695993578136

y10x65,0.00188478030429,0.000124992197545,0.0380263610156

y10x44,-0.0027851032509,2.63484637949e-05,-0.0278087174208

y13x62,0.00105401598714,0.000134940591478,0.0245128391263

y25x59,-0.00236021341486,9.3726421483e-05,-0.0298078948922

y10x47,-0.00105671022662,1.16336140141e-06,-0.00623844302411

y25x56,-0.00222668378721,5.74566596746e-05,-0.0278873904472

y25x53,-0.000514257552127,4.48240360326e-05,-0.00149180174748

y25x50,-0.000685902035692,5.32565132052e-05,-0.00148857725723

y28x41,-0.00323926128535,6.28629136156e-05,-0.0244997509471

y16x38,-0.00168762823347,1.03167627948e-05,-0.00942809073299

y28x47,-0.00172661209273,9.82258006477e-05,-0.00749227088218

y28x44,-0.00354172677783,8.42536359982e-05,-0.024691052152

y13x44,-0.00258339922771,3.40413385689e-05,-0.0236977942855

y13x47,1.27206954201e-05,-1.89187795021e-05,0.00816681684537

y16x41,-0.00192876789267,2.59517228737e-05,-0.0132204356959

y13x41,-0.00204123606894,-2.33981438059e-05,-0.00655149761317

y16x47,0.00025121678982,3.31748383938e-05,0.00811055859238

y16x44,-0.00150675488316,-9.77190235536e-06,-0.01012806588

y16x65,-0.000172330163628,0.000140861561127,-0.00282533264471

y28x62,-0.0012513163168,0.000127155392309,0.00421167999457

y28x65,-0.000649220301412,0.000157584626369,0.0161083499323

y19x65,-0.00061005724722,0.000105852368329,-0.00394076576591

y22x53,-0.000575358363028,8.72603284353e-05,-0.00252502392488

y22x50,-0.000188598913202,5.04018279786e-05,0.00215762363717

y22x56,-0.00151183983155,9.49813509807e-05,-0.0108735603977

y19x62,-0.000164847839673,0.000109779290727,0.0130232555745

y19x47,-0.0011028348592,6.59244366814e-05,-0.0116600491434

y25x62,-2.82410458258e-05,0.000138619049491,0.0202575513482

y19x44,-0.00300407138212,5.06961183127e-05,-0.0302228607226

y19x41,-0.00259530450801,7.72517786272e-06,-0.017523315782

y22x38,-0.0028210145659,1.24454271182e-05,-0.0295786961926

y25x41,-0.00248205760971,5.47706378643e-05,-0.0231394079606

y25x65,-0.000537940963123,0.00014751243239,0.00955631431051

y25x44,-0.00324738566594,6.51772995297e-05,-0.0250553744306

y16x62,9.20388129327e-05,6.66751618023e-05,0.0108329349485

y10x59,-5.6858071755e-05,0.000114900453325,-0.00168061556142

y25x47,-0.001973117179,0.000109741424334,-0.0180882749433

y22x41,-0.00340819490535,4.48690393582e-05,-0.0292130231178

y22x59,-0.00103727304972,0.000102332572664,-0.00440549231391

y10x53,0.000610301360634,7.50015221143e-05,0.00540044065103

y10x50,0.000446502130885,-7.85733491066e-06,0.0102784873929

y16x59,-0.000973273557776,2.64680990173e-05,-0.00431205253491

y10x38,-0.00209342388555,2.4137373105e-05,-0.0330203693774

y28x56,-0.00206584877931,6.88024960408e-05,-0.0218512557783

y28x50,-0.00100685427881,5.56169257876e-05,-0.00117837232883

y28x53,-0.00120992104674,5.93740478059e-05,-0.0131780693877

y25x38,-0.00162446253177,9.87708695126e-05,-0.0119259835041

y13x38,-0.00196667260127,-6.96298728684e-06,-0.0094966710671

y16x53,-0.00187817340634,1.69997653929e-05,-0.0260332942878

y13x53,-0.00224268870419,1.01681432564e-05,-0.0283465976533

y28x59,-0.00327427304755,5.50144242426e-05,-0.0479736269892

y13x50,-0.000188937605734,1.07117480787e-05,0.0080500779336

y10x62,-0.00185445182363,9.98463672861e-05,-0.0479254867383

