-----------------------------------------------------------------------
left
x_pos
y28x59,-0.00284912899125,0.00191683119276,-0.00146703963902
y22x47,-0.00113806273674,0.00241592823488,-0.000409658971143
y25x44,-0.00273639648658,0.00127620297352,-0.000618034968419
y25x41,-0.0028527439577,0.00177330851688,-0.00106312377675
y28x38,-0.00244963239848,0.00145318181783,-0.000600782313918
y19x50,-0.000712143739384,0.000862614546314,-0.000311527735277
y25x59,-0.00204917810397,0.00319638226751,-0.000478435281834
y19x38,-0.00381511747659,-0.000615596651703,-0.00124787169051
y19x53,-0.00148989320992,0.00176104281234,-0.000697633219786
y22x44,-0.00250144060375,0.00291795657446,-0.000946048019305
y19x56,-0.000705219496949,0.00323874890646,-0.000139720913355
y22x62,-0.00237970459487,0.003300824214,-0.00113330658615
y19x59,0.000473872433221,0.00331803384049,0.000837038133141
y25x62,0.000216556984157,0.00455662758824,0.000999465399733
y22x65,0.00072613128858,0.00452916273484,0.00124133805019
y10x41,-0.0027127196864,0.000373712203384,-0.000759754034754
y13x65,-0.000315427862724,0.00319415945161,-0.000278537939925
y10x65,0.00146365115898,0.00295755290571,0.00129025617287
y10x44,-0.00258383572638,0.000967919137362,-0.000893068018761
y13x62,0.000830792624714,0.00379568696856,0.000746010598912
y16x62,0.000117827838462,0.00148530427987,0.000267703895374
y10x47,-0.0012579053333,7.98895557168e-05,-0.000120547620319
y25x56,-0.00221430301693,0.00157996354458,-0.000815196727374
y25x53,-0.00107594982113,0.00138735750412,-0.000108888604399
y28x41,-0.00339754394681,0.00136867612004,-0.000529902208805
y25x50,-0.000631258564981,0.00122199232968,-9.10906284534e-05
y22x41,-0.0040203248355,0.00157910816612,-0.00119755779934
y28x47,-0.00181015990529,0.00265009886943,-0.000326265871981
y28x44,-0.00314531541833,0.00236273942836,-0.00065368364098
y13x44,-0.00295641127473,0.00102689905668,-0.000790692011148
y13x47,-0.000373242086903,-0.000516521081441,5.52320549719e-05
y16x41,-0.0022245142784,0.000794034549969,-0.000303621491017
y13x41,-0.00144217781789,6.48472601393e-05,-9.95641562389e-05
y16x47,0.000148337920769,0.000879106592193,0.000256769454785
y16x44,-0.00088408322432,-0.000440325455934,-6.73668127113e-05
y28x53,-0.00130855284458,0.00139519590774,-0.000403533913202
y28x62,-0.00133148551078,0.00299205578061,-0.000416254065332
y16x65,-6.89911646818e-05,0.0042813344508,-9.35367186951e-05
y16x38,-0.00130717992715,0.000379662861905,-0.000252451380689
y28x65,-0.000558782927509,0.0049029627204,0.000823413460123
y19x65,-0.00068899022815,0.00347204348919,-2.56769020569e-05
y22x53,-0.000925763434589,0.0030228357372,-9.59033799517e-05
y22x50,0.000609262938196,0.00226410313729,0.000346823233034
y22x56,-0.00172965914851,0.00186252300617,-0.000543964369568
y19x62,-0.00126618125424,0.00315554176023,-0.000376541984497
y19x47,-0.000867577506105,0.00202691240472,-0.000308782341267
y10x62,-0.00175312272613,0.00280340035411,-0.00151281656621
y19x44,-0.00350207735038,0.00133812456968,-0.00105654246939
y19x41,-0.00200589128574,0.00074909624703,-0.00043162226111
y22x38,-0.0023607665116,0.00013959591001,-0.00109794781926
y10x38,-0.00202716915061,0.000607702198517,-0.000990140255682
y25x65,-0.000681354210177,0.00388260610668,0.000259846982299
y13x38,-0.00180757485563,-0.000518685875862,-0.000212912545948
y25x38,-0.00144187756774,0.00305037390997,-0.000420065612528
y10x59,0.000470389090823,0.0032541411786,9.6739429255e-05
y25x47,-0.00170038102311,0.00264107547022,-0.000531096526257
y10x56,-0.000880175588869,0.00280310587108,-0.000761929662657
y22x59,-0.00106874582612,0.00286127706655,-0.000100313813783
y10x53,0.0011644603312,0.00234992279989,0.000527547330083
y10x50,0.000294218918832,-0.000487882324385,0.000203315967322
y16x59,-0.000383689993679,0.000815168120543,-0.000103537490946
y28x56,-0.00232613365565,0.00253802000876,-0.000637455986773
y28x50,-0.000964054868637,0.0012345804898,-0.000185820553854
y13x59,-0.00124821361137,0.00258206812629,-0.000856526932383
y13x56,-0.00106281760012,0.00106067492221,-0.000321850352192
y16x50,-0.00204296041403,0.000691647798424,-0.000969363737088
y16x53,-0.00240506982796,-0.000303171797623,-0.000914436687569
y13x53,-0.00221693921124,0.000765398272253,-0.00111235347098
y13x50,0.000455929536036,0.000168858208419,0.000499957403883
y16x56,0.00106238576469,0.00079477961407,0.00122285629666