-----------------------------------------------------------------------
left
x_pos
y13x59,-0.00123625062888,-0.000720347005444,-0.00031218295268
y22x47,-0.00145726752441,0.00266731375017,-0.000258963335444
y16x56,-0.00149507810454,-0.000113183497987,-0.00024790566668
y28x38,-0.00215881474289,0.00199697419236,-0.000846151309061
y19x50,0.000484952468489,0.00185617353928,0.000261809508102
y19x38,-0.00194020169086,-0.000419767505062,-0.000610655457969
y19x53,-0.00143283583665,0.000849635304575,-0.000600044251319
y22x44,-0.00287714875776,0.00243062607588,-0.000824423930428
y19x56,-0.00160031704613,0.00163222266883,-0.000291343425451
y22x62,-0.000469758569134,0.00451719652588,-8.79295800461e-05
y13x56,0.000548862245614,0.00286889905924,0.000746896389271
y19x59,-0.000664436547343,0.00351578200884,-0.000251664142623
y16x50,-0.00111240689474,0.000428514672008,0.000154978967191
y10x56,-0.00143647926858,0.00105129342308,-0.00043794551635
y22x65,-0.000404242187267,0.00446969193235,3.68425484809e-05
y10x41,-0.00235112982228,0.000794089221894,0.000115066912416
y13x65,0.000536170224028,0.00324614604549,9.28862413069e-05
y10x65,0.00108515272553,0.00435515808349,-8.29710684282e-05
y10x44,-0.0012651482103,3.81142572284e-05,-0.000470612901426
y13x62,-0.000489082692761,0.000269276621714,0.000278646168339
y25x59,-0.00272966718279,0.00180056203948,-0.00205241806247
y10x47,-0.00104142595326,-0.000674013167328,-9.09872021784e-06
y25x56,-0.00227913013392,0.00210106680113,-0.00109833985207
y25x53,-0.000205437012406,0.000219339079653,0.000357177463548
y25x50,-0.00109486750515,0.00191803490457,-0.000168416638727
y28x41,-0.00250601696228,0.00130961546995,-0.000692025056935
y16x38,-0.00107360849228,-0.00188125124363,0.000471957589442
y28x47,-0.00150711360114,0.00263846303876,-0.000320512307613
y28x44,-0.00305898945169,0.00221653108487,-0.000368734585294
y13x44,0.000703048904253,0.000265348941078,0.000177807829295
y13x47,0.000675767764808,0.00318225139226,-4.99699640789e-05
y16x41,-0.00215330562807,-0.0018850757464,0.00035740429812
y13x41,-0.0019783505396,-0.000627928845724,9.76557214944e-05
y16x47,0.000188442055544,1.9879064502e-06,0.000218111359378
y16x44,-0.000675100638304,-0.00114067242604,-4.92001564352e-05
y16x65,-0.000692150350353,0.00334461584229,-0.000151826085701
y28x62,-0.00132620926206,0.00186778855381,0.000110539268041
y28x65,-0.000286298052666,0.00438130609784,0.00107350430142
y19x65,-0.000853020662535,0.00282633117556,-0.000114895216281
y22x53,-0.00144554360126,0.00206964493714,-0.000678794044992
y22x50,-0.00182918305409,0.000918632278919,-0.000823286595412
y22x56,0.000798068399273,0.00387460749336,0.00100350290426
y19x62,0.000641223919137,0.00310955805195,0.00118243993872
y19x47,0.000245459567749,-0.000177575743989,0.000212183763876
y25x62,-0.000847378157979,0.00313740900872,0.000411315178906
y19x44,-0.00262812849799,0.000704523844739,-0.00114659828846
y19x41,-0.00145190737181,-9.7761480791e-05,-0.000600273776675
y22x38,-0.00301353261271,-0.000638155244963,-0.00128853222183
y25x41,-0.0024089610152,0.0021030637146,-0.000716063969996
y25x65,0.000407400030633,0.00381176211516,0.00118137586081
y25x44,-0.0020164523909,0.00162472152323,-0.000367358310796
y16x62,-0.000416479418515,0.00430876097866,0.000602333339502
y10x59,-0.00216575005876,0.000795212736411,-0.00140693407084
y25x47,-0.00159176390468,0.00290579786548,-0.000461949382114
y22x41,-0.00298186536321,0.00082017677019,-0.00114937866902
y22x59,7.38746754579e-05,0.00490432554178,0.000658207378749
y10x53,-2.05389561527e-05,0.0019654462861,0.000330193150485
y10x50,-6.69360960294e-05,0.000811348183443,0.000283252203088
y16x59,0.00087764462074,0.00114533534599,0.00087172765993
y10x38,-0.00326650120127,-0.000327714951822,-0.000969452689111
y28x56,-0.00217812154889,0.00120693295325,-0.000967062829993
y28x50,-0.00102203453495,-6.65906031874e-05,8.06849290044e-06
y28x53,-0.00072180617669,0.00194056703408,-0.000267908786238
y25x38,-0.00244156283588,0.00205875168212,-0.000591928754786
y13x38,-0.00151644885336,0.000584596758122,-7.81341000581e-05
y16x53,-0.00170137547382,-0.000214046844352,-0.000440685043973
y13x53,-0.000748900415515,0.000373894795233,0.000168676257122
y28x59,-0.00349490226195,0.00122171159938,-0.00178875395513
y13x50,-0.00242275895631,0.00233496015689,-0.00100298331895
y10x62,0.000807965488379,0.00403493557764,7.55740771063e-05
-----------------------------------------------------------------------
left
x_pos
y13x59,-0.00140911681453,0.000508303344416,-0.00118651497077
y22x47,-0.00127181909817,0.000980137141454,-0.000505000788619
y16x56,-0.000544791133566,0.00050494319189,0.000465288563228
y28x38,-0.00206711768176,0.000770255629498,-0.00109792481633
y19x50,-0.000105689537364,0.00086369389656,0.000348715525021
y19x38,-0.00257327468181,-0.000453067118792,-0.00186590935711
y19x53,-0.00162292309957,0.000512081205634,-0.00108606904733
y22x44,-0.00252990928722,0.00106953662635,-0.00179837837038
y19x56,-0.00146246369467,0.00109104059569,-0.000788676727539
y22x62,-0.00151373106178,0.00231402110459,-0.00156716610955
y13x56,-0.00063230673709,0.000860906198966,-9.78661835594e-05
y19x59,0.000234333660488,0.00163260614558,0.0014456158901
y16x50,-0.00118165876228,0.00017422587758,-0.000329078340262
y10x56,-0.000688221272326,0.00116177618998,-0.0011520606559
y22x65,0.000339947378094,0.00228452822772,0.00167408295829
y10x41,-0.00293085147576,0.000619656795523,-0.00122315096338
y13x65,-0.000344623739158,0.00164100761678,-0.000979704649915
y10x65,0.00148298400886,0.00213748726336,0.00131870523928
y10x44,-0.00162326043629,0.00031919949713,-0.00137256260068
y13x62,0.000267990073747,0.00126379486866,0.00141937009838
y25x59,-0.00224736423473,0.00132021896096,-0.00256349706164
y10x47,-0.00132423229947,-0.000164116830326,-0.000325240490467
y25x56,-0.00220509081028,0.000959550304709,-0.00232757423182
y25x53,-0.000378027312641,0.000372152315074,0.00021181447105
y25x50,-0.000979269350087,0.00101732656887,-0.000517336023959
y28x41,-0.00307831135355,0.000670963847464,-0.00139440493312
y16x38,-0.00119520718728,-0.000165480685476,0.000203247777489
y28x47,-0.00160818622829,0.00134268363519,-0.000726479645147
y28x44,-0.00303568301194,0.00110242115524,-0.00107864747933
y13x44,-0.000599954212896,-1.24405955216e-05,-0.000437958839403
y13x47,4.31865724071e-05,0.000292422560924,0.000498179957537
y16x41,-0.00227596601018,-0.000389683639732,0.000179833467679
y13x41,-0.00196480242148,-0.000504579255719,0.000274569025273
y16x47,0.000263852905089,0.000266922677299,0.000358503236938
y16x44,-0.000521914126274,-0.000458765231394,-0.000139338084777
y16x65,-0.00056881844949,0.00184022565452,-0.000580717826165
y28x62,-0.00143913795914,0.00137288237557,-0.000683330982814
y28x65,-0.000863192357349,0.00223552156971,0.000727815548279
y19x65,-0.0010372578817,0.00156469187551,-0.000935759151945
y22x53,-0.00121627483452,0.00129974919628,-0.00101149479477
y22x50,-0.000796290340095,0.00101354106668,-0.000442965264899
y22x56,-0.000961021194054,0.00157647247272,0.000114232009607
y19x62,0.000154450272781,0.00195836439934,0.00101819932363
y19x47,-0.00050754683441,0.000363110382567,-0.000362792939045
y25x62,-0.000335856591012,0.00184917275727,0.00157254153944
y19x44,-0.00282563227979,0.00050493844685,-0.00183183534255
y19x41,-0.00213464956708,7.01563788637e-05,-0.000985255336822
y22x38,-0.00265050774851,7.27613888791e-05,-0.00219604179547
y25x41,-0.00309155633807,0.00084296829041,-0.00186844881606
y25x65,0.000285397356815,0.00167708691633,0.00166702926271
y25x44,-0.00240580548386,0.000747413815797,-0.000975280697841
y16x62,-0.00106439578586,0.00109543284388,0.000567405309667
y10x59,-0.000765376072028,0.00099900054135,-0.000364637563405
y25x47,-0.00210880257798,0.00159337813642,-0.00136718345617
y22x41,-0.00360837648247,0.000766796367314,-0.00254597589653
y22x59,-0.000553667295872,0.00221300445082,0.000175612106991
y10x53,0.000146335869892,0.000922771168896,0.000211502065253
y10x50,3.26602265133e-06,-0.000231706939273,0.000496746347744
y16x59,3.57718037339e-05,0.0008365223535,0.000911421140955
y10x38,-0.00226269973939,0.000700768147959,-0.0023675575516
y28x56,-0.00180470259076,0.000819808268112,-0.00133473177897
y28x50,-0.00100854035084,0.000405899855817,-0.000186020834304
y28x53,-0.000594243012742,0.000894462554663,-0.000741562428174
y25x38,-0.00213785881172,0.00144386681249,-0.0008670439322
y13x38,-0.00160336106546,-0.000254207714991,-5.90890503448e-05
y16x53,-0.00172604783424,0.000268382262675,-0.00131562552894
y13x53,-0.00106443432817,0.000138443739683,-0.000448327598754
y28x59,-0.00377783696269,0.000742357244105,-0.00411813153739
y13x50,-0.00115243352742,0.000502704548207,-0.000755693408286
y10x62,-0.000466236972765,0.00178294946809,-0.00158406707532
-----------------------------------------------------------------------
left
x_pos
y13x59,-0.00116493295277,0.000445509313563,-0.00143693219281
y22x47,-0.000872603563748,0.000691140593235,-7.66183653383e-05
y16x56,-0.00075488289091,0.000562241495601,-0.000158325690879
y28x38,-0.00178994399382,0.000519096268741,-0.00145341947747
y19x50,0.00021073242308,0.000716679300857,0.000973478789313
y19x38,-0.00262103705968,-0.000184408293309,-0.00280133311899
y19x53,-0.00126343670913,0.000556950061143,-0.00133980548759
y22x44,-0.00257530515647,0.000716763907091,-0.00274930032073
y19x56,-0.00187765722654,0.000778690127872,-0.00202978121235
y22x62,-0.0014329389006,0.0014577766835,-0.00230696331957
y13x56,-0.000918137430749,0.000536572535001,-0.00080533607907
y19x59,-0.00072158452094,0.000885440526708,-0.000271524377474
y16x50,-0.000599955605675,0.000462179931237,8.66693045154e-05
y10x56,-0.00125566664171,0.000805774304989,-0.00256018401796
y22x65,-0.000129228671105,0.00136497119003,0.00130739576545
y10x41,-0.00318865732205,0.000391252309991,-0.00238290575225
y13x65,3.80618686842e-05,0.00122440398142,-0.000755042299812
y10x65,0.00176431612613,0.00137847286168,0.00333391294093
y10x44,-0.0015705666766,0.000280812500366,-0.00210822047235
y13x62,0.000162546480832,0.00104079291236,0.00183626444928
y25x59,-0.00230146526104,0.000841314937023,-0.0038172296563
y10x47,-0.00103801449796,0.000123443727003,-0.000397865991613
y25x56,-0.00167133307816,0.000662753884121,-0.00218208654938
y25x53,-0.000533470457813,0.000249980213489,0.000163079573405
y25x50,-0.000961422681221,0.000589897999367,-0.000559617290195
y28x41,-0.00337895951315,0.000485217373645,-0.00229041152957
y16x38,-0.00180184896679,-8.66833457497e-05,-0.000871169128134
y28x47,-0.00156360860863,0.000963237220985,-0.00108597108062
y28x44,-0.00325472443863,0.000750068583451,-0.00191989363283
y13x44,-0.0011936495135,-5.79106053569e-05,-0.000985264211526
y13x47,-3.19648217629e-05,0.000135163961496,0.000485320161232
y16x41,-0.002459622821,-9.45864887641e-05,-0.000672342277767
y13x41,-0.00198535591955,-0.000285973006319,0.00026881199489
y16x47,0.000361320066731,3.43595196982e-05,0.000581588020325
y16x44,-0.0016215515775,-0.000189677633674,-0.0014761211284
y16x65,-0.000859734307841,0.00108736508799,-0.00148786604095
y28x62,-0.000975225319544,0.000919855511135,-8.97242110754e-05
y28x65,-0.000679942551321,0.00145827864698,0.00142527123467
y19x65,-0.00100333541586,0.00116528176321,-0.00100966395927
y22x53,-0.00115825523233,0.000660706797308,-0.001517602046
y22x50,-0.000927796589283,0.00049855218037,-0.000424015949336
y22x56,-9.34846099275e-05,0.00123005287475,0.000909617330255
y19x62,0.00037266727272,0.00134046263855,0.00209979394011
y19x47,-0.000817789575201,0.000175663904267,-0.00076364669085
y25x62,-0.000673076629932,0.00118035487081,0.00151391236966
y19x44,-0.00278739293895,0.000226832742951,-0.00239759607419
y19x41,-0.00264919654262,0.000141333187528,-0.0018802589982
y22x38,-0.00274616327226,5.07772882438e-05,-0.00313721971745
y25x41,-0.00303900510217,0.000618289838174,-0.00245406508699
y25x65,0.000177431968854,0.00118337962862,0.00255957470077
y25x44,-0.00299383526722,0.000635728233426,-0.00222529516004
y16x62,-0.000465906800907,0.00103858241207,0.0010647105085
y10x59,-1.0961152173e-05,0.000789361914594,0.000516501714447
y25x47,-0.00202778369968,0.00102777477844,-0.00187859054664
y22x41,-0.0034661961056,0.000484406505018,-0.00336452714031
y22x59,-0.000153957752976,0.00135510302195,0.00115981390821
y10x53,0.000174444109347,0.00061508161292,0.000255544962084
y10x50,0.000317138155826,-0.000185768363683,0.000838793243396
y16x59,-0.000606569725974,0.000703757579512,-0.00021776247236
y10x38,-0.00203804594428,0.000358724936192,-0.00344620688792
y28x56,-0.00174925363486,0.00051416794024,-0.00195964675592
y28x50,-0.00106766535924,0.000251179726296,-9.54680074569e-05
y28x53,-0.000487762688488,0.000524449743884,-0.000935738573042
y25x38,-0.00206565730833,0.000957183868725,-0.00169719063956
y13x38,-0.00163361655948,-0.000253315138176,-0.000191838712631
y16x53,-0.00165036301499,0.000215262925585,-0.00215087625532
y13x53,-0.00153288491453,0.000125344944916,-0.00147288502002
y28x59,-0.00347367639185,0.000535196611243,-0.00552775891353
y13x50,-0.00119212182405,0.000207304019941,-0.00102900721468
y10x62,-0.000473290414446,0.000898312320035,-0.00229798306361
-----------------------------------------------------------------------
left
x_pos
y13x59,-0.00117073536659,0.000416452884608,-0.0022507371592
y22x47,-0.0010477169869,0.000499846220202,-0.00061372572745
y16x56,-0.000475757881101,0.000318062611085,0.00093095902788
y28x38,-0.00152169486239,0.000339290139059,-0.00156960792615
y19x50,-0.000157203302856,0.000442970322977,0.000740455735743
y19x38,-0.00295098034559,-0.000280271139108,-0.00357190391933
y19x53,-0.000931844958886,0.000324948092381,-0.00117716008062
y22x44,-0.00266048286252,0.000583137406297,-0.00396250131881
y19x56,-0.0019094189461,0.000704036903565,-0.00330271690693
y22x62,-0.00159586355999,0.00100227811716,-0.00314587705581
y13x56,-0.000831122223682,0.000277638018101,-0.000461268547441
y19x59,-9.30531402904e-05,0.000701613044063,0.00148613334656
y16x50,-0.00108183495617,0.000339552808346,-0.0010224083153
y10x56,-0.00107182358866,0.000630056823782,-0.00376912640286
y22x65,0.000194531485975,0.00106903922822,0.00247995274677
y10x41,-0.00326074385003,0.000320125736183,-0.00375626602468
y13x65,-0.00017786177432,0.00089358810849,-0.00109632914854
y10x65,0.00194352514872,0.000993897812638,0.00542146013098
y10x44,-0.00177901349495,0.000172539191259,-0.00332684201719
y13x62,0.000376692475892,0.000781445802091,0.00267524206572
y25x59,-0.00192023121521,0.000598375354727,-0.00384157561757
y10x47,-0.00109567339122,7.10307570155e-05,-0.000718171534596
y25x56,-0.00189917574933,0.000495602783243,-0.00355118559563
y25x53,-0.000685518207209,0.000285414643316,-0.000387530144495
y25x50,-0.000849491156904,0.000449391527311,-0.00082415193594
y28x41,-0.00329356789921,0.000394370364242,-0.00320066982042
y16x38,-0.00164035823689,-7.20067239478e-05,-0.000995406160084
y28x47,-0.00186286176682,0.000690705707401,-0.00160775794222
y28x44,-0.00352058988858,0.000522479333227,-0.00323189478461
y13x44,-0.00156772777409,2.51638568967e-05,-0.00201386871075
y13x47,-0.000155145911719,1.68248202134e-05,0.000747809939827
y16x41,-0.00242920594543,3.80637810025e-05,-0.000754346361415
y13x41,-0.00193456349051,-0.000209523665356,0.000424472228548
y16x47,0.000467119661233,0.000138506206827,0.000914220733793
y16x44,-0.00142673267985,-0.000129209566917,-0.00161053558012
y16x65,-0.00066699926174,0.000875823166558,-0.00190584180018
y28x62,-0.00110753316347,0.000839308909934,-5.45558144333e-05
y28x65,-0.000858262226848,0.00111113258274,0.00143613853968
y19x65,-0.000856367843098,0.000800800335665,-0.00159175340529
y22x53,-0.000975821014261,0.000541618749988,-0.00135432023379
y22x50,-0.000768840340846,0.000384252917,-0.000525059578755
y22x56,-0.000642703630446,0.000814216489023,7.68200019592e-05
y19x62,-7.54530072035e-05,0.001041420277,0.00123966645328
y19x47,-0.00092685956355,0.000256990989691,-0.00133972431104
y25x62,-0.000419339950274,0.000968548676955,0.00284518049882
y19x44,-0.00295259850673,0.000242900621105,-0.00355396162476
y19x41,-0.00284952581693,6.59943319624e-05,-0.00245508321612
y22x38,-0.00267214059768,0.00010217290612,-0.00430015460008
y25x41,-0.00300391582255,0.000441567705859,-0.00332783062949
y25x65,-5.99106998805e-05,0.000914512090854,0.00301348544171
y25x44,-0.00302042268832,0.000468232604382,-0.00316295555832
y16x62,-0.000339987049114,0.000575400107026,0.00161503760324
y10x59,4.72723228776e-05,0.00078880211823,0.000234855700597
y25x47,-0.00194856999357,0.000739607243845,-0.00232316636918
y22x41,-0.00345473119383,0.00036072872867,-0.00456782773504
y22x59,-7.42188680581e-05,0.000971818898623,0.00224984668758
y10x53,0.000425232961453,0.000469378440066,0.000593084023783
y10x50,0.000405392374893,-0.00014838469278,0.00116756597385
y16x59,-0.000401330771016,0.000418746974243,0.00036787408325
y10x38,-0.00181561693614,0.000194952344896,-0.00386337812793
y28x56,-0.00200486060297,0.000410590226413,-0.00315511748262
y28x50,-0.00105550548886,0.000189143828902,-5.09239275299e-05
y28x53,-0.000847634580929,0.000480083165589,-0.00179154638249
y25x38,-0.00176649044953,0.000770114412605,-0.0018561116462
y13x38,-0.0017665498919,-0.000219038512813,-0.000352532503745
y16x53,-0.00180431539557,8.81526112665e-05,-0.00311372938288
y13x53,-0.00151992848322,6.21503612557e-05,-0.00214310209645
y28x59,-0.0034137273679,0.000397812703084,-0.00702740302635
y13x50,-0.000896985225453,0.000189853774461,-0.000918995549953
y10x62,-0.00105799056858,0.000756505770565,-0.00440379411207
-----------------------------------------------------------------------
left
x_pos
y13x59,-0.00121885767593,0.000341522834725,-0.00307161496534
y22x47,-0.000919337061138,0.000465691678036,-0.000769368465829
y16x56,-2.2544802333e-05,0.000234890999559,0.00251886795862
y28x38,-0.00135048030535,0.000276401020635,-0.00168396655601
y19x50,-0.000506050536245,0.000330949129939,0.000203013978948
y19x38,-0.00271905663567,-0.000223760992158,-0.004335090688
y19x53,-0.00101705635551,0.000250322759979,-0.0017719593276
y22x44,-0.002851997916,0.00047425179715,-0.00497735618233
y19x56,-0.00196167722781,0.000517241822488,-0.0039825790352
y22x62,-0.0017333868074,0.000736007588518,-0.00427384679522
y13x56,-0.000852009945639,0.00019381618117,-0.000777581701436
y19x59,0.000315927857076,0.000638842933432,0.00287497926812
y16x50,-0.00123273677789,0.000255841731781,-0.00193079369178
y10x56,-0.00102149566745,0.000561732805173,-0.00457992084537
y22x65,0.000330311107753,0.000872239736797,0.00378415946659
y10x41,-0.00324714708058,0.000240092823561,-0.00468543965311
y13x65,-4.13673351921e-05,0.000696174992386,-0.000593189327977
y10x65,0.00184039471742,0.00078325307579,0.00735913151634
y10x44,-0.00218972393132,0.000148825891331,-0.00459630254423
y13x62,0.000497148338032,0.000649623704284,0.00357032441579
y25x59,-0.00192624661822,0.000610159966415,-0.00449915829582
y10x47,-0.00121304799964,5.31682303047e-05,-0.00132327206478
y25x56,-0.00200090196019,0.000385057188316,-0.0046008549497
y25x53,-0.000595777118971,0.000228202175012,-0.000367332062168
y25x50,-0.000850959086752,0.00034692323053,-0.00115613169715
y28x41,-0.00321579304218,0.000302383506229,-0.00399999622801
y16x38,-0.00160056781049,-2.85607125535e-06,-0.00145397902036
y28x47,-0.00195752905518,0.000546393984129,-0.00215948590051
y28x44,-0.00347813921454,0.000421609473299,-0.00378496877501
y13x44,-0.00168998050102,3.19869664954e-05,-0.00286088892728
y13x47,-4.82557091233e-05,-2.44375680552e-05,0.0010540275833
y16x41,-0.00216318329673,7.91592131834e-05,-0.0012794452569
y13x41,-0.00182130464176,-0.000171698888799,0.000510311235094
y16x47,0.000459824777839,9.69078382321e-05,0.00129995048047
y16x44,-0.00133682595414,-9.5784034259e-05,-0.00156383062134
y16x65,-0.000389419661675,0.000730455127575,-0.00197988623263
y28x62,-0.00118170587042,0.00072496670607,-0.000242531466492
y28x65,-0.00093984217061,0.000884295121827,0.00168764588705
y19x65,-0.000858993054862,0.000549133018992,-0.00189992140063
y22x53,-0.0010529046727,0.00041222010824,-0.00197683674037
y22x50,-0.00051048875033,0.00027439232656,-0.000218999722122
y22x56,-0.00115169848972,0.00058373649888,-0.00156918696312
y19x62,-0.000212964738691,0.000773667318705,0.00153566655918
y19x47,-0.000818272287519,0.000268872951785,-0.00182898322014
y25x62,-0.000603295019872,0.000788192218432,0.00274392802222
y19x44,-0.00285016464826,0.000219558068931,-0.00412916718914
y19x41,-0.00268909933553,7.00353146079e-05,-0.00289305382097
y22x38,-0.00248219415284,8.76263626209e-05,-0.0051221115205
y25x41,-0.00299239189421,0.000341915220151,-0.00402339637654
y25x65,-0.000133752869848,0.000764306410872,0.00306053168668
y25x44,-0.00331779090511,0.000384417475867,-0.00409971067231
y16x62,-0.000350373820108,0.000382126721621,0.00210419144904
y10x59,-8.05478213863e-05,0.000648547909006,7.30064401533e-05
y25x47,-0.00196850213289,0.000643872886616,-0.00324101391658
y22x41,-0.00343898377489,0.00025675896279,-0.00520331731938
y22x59,-0.000198471395887,0.00068721282756,0.00258556112643
y10x53,0.000295380225946,0.000404413116046,0.000751254853165
y10x50,0.000438177681672,-7.91490922141e-05,0.00156762121844
y16x59,-0.000365280660591,0.000295499628128,0.000354798109139
y10x38,-0.00179146713894,0.000129520414517,-0.00467006255845
y28x56,-0.00201066067001,0.000304741497778,-0.00342341052475
y28x50,-0.00112821982266,0.000111724954016,-0.000293748232948
y28x53,-0.00120777550012,0.000328684925641,-0.00335493034157
y25x38,-0.0015370804436,0.000613414910456,-0.00186949053895
y13x38,-0.00198455143813,-0.000129502824294,-0.00087907916432
y16x53,-0.00192767385845,4.30990856959e-05,-0.00397944893088
y13x53,-0.001629687766,1.69960431276e-05,-0.00301812398999
y28x59,-0.00328347288613,0.000364414423774,-0.00863368990423
y13x50,-0.000799749149672,0.000198310774839,-0.00085184169791
y10x62,-0.00154782639671,0.000636585149189,-0.00739749414031
-----------------------------------------------------------------------
left
x_pos
y13x59,-0.00117892265491,0.000282756159732,-0.00393717800813
y22x47,-0.000992662302621,0.000396459519283,-0.00116584012921
y16x56,0.000263153227004,0.000154978300887,0.00447515278314
y28x38,-0.00140984917441,0.00021870349514,-0.00188305342829
y19x50,-0.000645514094203,0.000244865435925,-0.000554178494788
y19x38,-0.002704881009,-0.000210142123412,-0.00531816771717
y19x53,-0.00108133387284,0.000207552512458,-0.00228759589554
y22x44,-0.00278542738341,0.000381411003884,-0.0060348462514
y19x56,-0.00175529546844,0.000472974858497,-0.00436441098468
y22x62,-0.00190763148606,0.000591310715213,-0.0056132890846
y13x56,-0.000920329282598,0.000154009288186,-0.00138484381161
y19x59,0.000325331675121,0.000593061627893,0.00384539648466
y16x50,-0.00120643096237,0.000155409791315,-0.00233966240767
y10x56,-0.00117459253914,0.000473063159036,-0.00622085962284
y22x65,0.000377625158373,0.00072963993392,0.00532920036692
y10x41,-0.00328753549948,0.000178140161015,-0.00592987627825
y13x65,-7.93301069911e-05,0.000549553987053,-0.00121041296015
y10x65,0.00188070873766,0.000650613819602,0.0090170555498
y10x44,-0.00227227545643,8.46929153227e-05,-0.00529117879477
y13x62,0.000615440048938,0.00055631355996,0.00465756924243
y25x59,-0.00181429315662,0.000492802548071,-0.00471032508625
y10x47,-0.00146861350185,5.70146799447e-05,-0.00255174895406
y25x56,-0.0021757284625,0.000359847325499,-0.00589726387909
y25x53,-0.000732644203234,0.000216971255719,-0.00123590701931
y25x50,-0.00084168064873,0.000295217120667,-0.00142073521383
y28x41,-0.00336902104488,0.000277714486917,-0.00481735089617
y16x38,-0.00147237545197,3.80680605473e-05,-0.00172446806522
y28x47,-0.00191801015445,0.000483477623743,-0.00241323800762
y28x44,-0.00360560538058,0.000349899674332,-0.00497341862064
y13x44,-0.00193686295007,4.81024984017e-05,-0.00352277216768
y13x47,-8.73093734723e-05,-2.55848835026e-05,0.00097907943462
y16x41,-0.00204307142049,7.06099148889e-05,-0.00130244071895
y13x41,-0.00207439302737,-0.000166100671132,0.000455233458679
y16x47,0.000240180054096,9.5367127088e-05,0.00184172451615
y16x44,-0.00127313575491,-9.47174930142e-05,-0.00171993821031
y16x65,-0.00046881576014,0.000655610324549,-0.00275943340351
y28x62,-0.00104322470464,0.000606580323227,0.000141551295125
y28x65,-0.000818352731853,0.000724634458441,0.00290543754691
y19x65,-0.000885404087086,0.000475370355496,-0.00212214950466
y22x53,-0.000976610265213,0.000383279192358,-0.00186746980597
y22x50,-0.000281906496169,0.000256455030406,-0.000178360460548
y22x56,-0.00154963227663,0.000500050677614,-0.00324404948267
y19x62,-0.00042071052789,0.000579452969755,0.0017726279492
y19x47,-0.000845045992822,0.000267541986418,-0.00248568300423
y25x62,-0.000368688370865,0.000661845878931,0.00403228281442
y19x44,-0.00300044800471,0.00018923444275,-0.00527305800826
y19x41,-0.00267760727456,4.99886092153e-05,-0.00346096836468
y22x38,-0.00235851142227,9.22084543116e-05,-0.00625512760788
y25x41,-0.00313287485157,0.000273680065979,-0.00497206760322
y25x65,-0.000198511599606,0.000686598245735,0.00310739053324
y25x44,-0.00340284779674,0.000315559991085,-0.00513132468722
y16x62,-0.00045668408162,0.000286380883311,0.00180166445453
y10x59,-0.000129712776645,0.000554748218642,-0.000211330682402
y25x47,-0.00202355392519,0.000526635501841,-0.00397008731217
y22x41,-0.00356718485901,0.000264976877573,-0.00642219892115
y22x59,-0.000304622771004,0.000580361096107,0.00259044024522
y10x53,0.000338558068748,0.000351144600099,0.000651788259671
y10x50,0.000378811723106,-3.89885470637e-05,0.00163218757492
y16x59,-0.000364725083706,0.000215917496107,0.000696875699744
y10x38,-0.00188863985481,9.42301411682e-05,-0.0056344923577
y28x56,-0.00194162064127,0.000270362335315,-0.0038092995902
y28x50,-0.00112444833454,0.000102587776604,-0.000321806725519
y28x53,-0.00113419251178,0.000245441006285,-0.00343014393367
y25x38,-0.00164325174044,0.000505413388724,-0.00274550588702
y13x38,-0.0019493719161,-7.38325830866e-05,-0.00144255278475
y16x53,-0.00185909958172,7.90605682227e-05,-0.0048658370591
y13x53,-0.00162493891751,4.22772583215e-05,-0.00383697223234
y28x59,-0.00341660767671,0.000272387757286,-0.0110420936555
y13x50,-0.000714837327558,0.000153224163396,-0.000514405356748
y10x62,-0.00165359352415,0.000462978396179,-0.00859627678062
-----------------------------------------------------------------------
left
x_pos
y13x59,-0.00115891226293,0.000263028866208,-0.0045453257774
y22x47,-0.00107396336016,0.000349968800065,-0.0015452159115
y16x56,5.82334040148e-05,0.000175547357131,0.00355075369365
y28x38,-0.00154833417566,0.000212487396392,-0.0025224496633
y19x50,-0.000483893019888,0.000240498158042,-0.00041565581445
y19x38,-0.00276612050247,-0.00017241979962,-0.00613307726384
y19x53,-0.00105543221182,0.00018904006167,-0.00227759060999
y22x44,-0.00260411861426,0.000328664819261,-0.00636529634362
y19x56,-0.00185041960778,0.000389416756703,-0.00546095799334
y22x62,-0.00185546001875,0.000518816897952,-0.00565313029981
y13x56,-0.000993215727771,0.000126120651237,-0.00226418168516
y19x59,-4.68511647093e-05,0.000472637162645,0.00207114258356
y16x50,-0.000960411107433,0.00015780020999,-0.00182167776474
y10x56,-0.00120974261281,0.000422856645703,-0.00788829924167
y22x65,0.000201371050755,0.000617916862313,0.00507750907761
y10x41,-0.00328642506523,0.00016600728267,-0.00736859937124
y13x65,-5.7437911845e-05,0.000483406081122,-0.00121370545201
y10x65,0.00181929260476,0.000553099876196,0.010121070813
y10x44,-0.00232214106654,8.38275489411e-05,-0.00632686468617
y13x62,0.000758003378801,0.000468466493931,0.00590351779569
y25x59,-0.00200817507993,0.000421988077349,-0.00632399827383
y10x47,-0.00130681771275,6.00053601634e-05,-0.00261005972344
y25x56,-0.00210245935014,0.000314738156788,-0.00665716756358
y25x53,-0.000700726711997,0.000208554996525,-0.00131122708995
y25x50,-0.00065069047326,0.000247883578908,-0.0010655142615
y28x41,-0.00325558314892,0.000249091809904,-0.00545816585223
y16x38,-0.00161120883891,1.52728408212e-05,-0.00247392847446
y28x47,-0.002037454358,0.000430700721614,-0.00275194251044
y28x44,-0.00364484616745,0.000301763025449,-0.00573777201433
y13x44,-0.00204636876811,2.56771289607e-05,-0.00422175878729
y13x47,-8.91396149563e-05,-4.21087365474e-05,0.00116569212429
y16x41,-0.0021444666091,7.2757781977e-05,-0.00211444451817
y13x41,-0.00202748934847,-0.000149253042897,0.000384143160183
y16x47,0.000145866373502,5.70345586509e-05,0.00167015171734
y16x44,-0.00145050087177,-6.65593780021e-05,-0.00254670124116
y16x65,-0.000374981560002,0.000500647318247,-0.00212559278245
y28x62,-0.00102729754499,0.000482747030377,0.000228597936473
y28x65,-0.000819766415083,0.000645833949242,0.00315245948651
y19x65,-0.000709102859036,0.000426653063357,-0.00148074366317
y22x53,-0.000873060456131,0.000312531919245,-0.00198928479047
y22x50,-0.000271708470455,0.000228749166071,-0.000588384335842
y22x56,-0.00123488445599,0.000450155499197,-0.00250857985787
y19x62,-9.97493141164e-05,0.000506193818429,0.00353086993243
y19x47,-0.000828257440171,0.000231681782198,-0.00264058528839
y25x62,-0.000361782728917,0.000546379082405,0.00468145072581
y19x44,-0.00286040951819,0.000156608168865,-0.00595243383152
y19x41,-0.00274384702782,4.13584310318e-05,-0.00428046817716
y22x38,-0.00253738337765,2.71092631192e-05,-0.00771176234789
y25x41,-0.00307400990453,0.000263288242163,-0.00601906472321
y25x65,-0.000137171536636,0.00057116825128,0.00374500928623
y25x44,-0.00327200430599,0.000268412509717,-0.00566183332698
y16x62,-0.000263820700987,0.000280614893943,0.00301692436759
y10x59,-4.52872363275e-06,0.000499290334837,-7.15945797095e-05
y25x47,-0.00194742922649,0.000444973073662,-0.00422070465457
y22x41,-0.00340680564061,0.000231393896159,-0.00759169146369
y22x59,-0.000374880545056,0.000492947023492,0.0026176915489
y10x53,0.000320323460002,0.000322142215584,0.000733378607512
y10x50,0.000457576967057,-3.00880741345e-05,0.00188041645114
y16x59,-0.00046460458079,0.000227692476722,-0.000401015093612
y10x38,-0.00193747923726,9.71643988832e-05,-0.00689355223087
y28x56,-0.00194538350973,0.000244229469029,-0.0044365020377
y28x50,-0.00106770481569,9.67665359606e-05,-0.000104366906901
y28x53,-0.00126724839453,0.00020879431608,-0.00462609785893
y25x38,-0.00156914897787,0.000424191705107,-0.00295531549999
y13x38,-0.00188139395203,-4.56996412176e-05,-0.00187272651232
y16x53,-0.0019535567661,0.000111139192257,-0.00548412852339
y13x53,-0.00169539648077,3.33206166917e-05,-0.00421748664074
y28x59,-0.00341129443313,0.000232366197663,-0.0131064539251
y13x50,-0.000740647284253,0.000115544652086,-0.000517772103943
y10x62,-0.00169642909095,0.000408062834913,-0.0109048677965
-----------------------------------------------------------------------
left
x_pos
y13x59,-0.00120829177069,0.000236421135857,-0.00550338884495
y22x47,-0.00107126653535,0.000306722706111,-0.00158935050129
y16x56,0.000179923950009,0.000129956447683,0.00489044995747
y28x38,-0.00143871386631,0.000182139377804,-0.00264037744976
y19x50,-0.000513115068483,0.000209795531623,-0.00105548859832
y19x38,-0.0028101637248,-0.000168234063156,-0.00693297766294
y19x53,-0.00102989104567,0.000169602159036,-0.00291746656284
y22x44,-0.00266030251156,0.000284086302088,-0.00753137961765
y19x56,-0.00169939430696,0.000327006957709,-0.0056320059017
y22x62,-0.00201988271417,0.000438988770679,-0.00742169134504
y13x56,-0.00108573453768,0.000105936487566,-0.00268242736165
y19x59,-8.3613998191e-05,0.000429145578079,0.00247755323094
y16x50,-0.00108960351784,0.000167713834363,-0.00280983007061
y10x56,-0.00126608337962,0.000374982069066,-0.00939204499923
y22x65,0.0003569926534,0.000545814972961,0.00638410526045
y10x41,-0.0033670533276,0.000153090721631,-0.00878433055759
y13x65,-5.38144414306e-05,0.000427227626754,-0.00115158981694
y10x65,0.00198151786929,0.000448602388749,0.0133740899775
y10x44,-0.002439537914,5.52889005561e-05,-0.00728730825305
y13x62,0.000854091570834,0.000432196294439,0.00706048073332
y25x59,-0.00191336420755,0.000367636629022,-0.00631585689237
y10x47,-0.00118980587156,3.28131796566e-05,-0.00255328848446
y25x56,-0.00229706794785,0.000277264523472,-0.00851194426951
y25x53,-0.000727099358076,0.000184039501921,-0.00126692624803
y25x50,-0.000642532436589,0.000207229225189,-0.00122651837179
y28x41,-0.00311581535701,0.000229615656857,-0.00631056246245
y16x38,-0.00151879968652,1.54560648641e-05,-0.00277282023199
y28x47,-0.00192540646376,0.000367057126255,-0.00265301777608
y28x44,-0.00365653422934,0.00026961610514,-0.00668791290552
y13x44,-0.00212059542631,3.37423162695e-05,-0.00526495004006
y13x47,-0.000169818988191,-5.40120342547e-05,0.00142985640733
y16x41,-0.00204123322064,5.37019618023e-05,-0.0023505695141
y13x41,-0.00194420199881,-0.000119190750316,0.000259003853999
y16x47,0.000184878458189,4.42968153192e-05,0.00221521137673
y16x44,-0.00116223992723,-3.72332853384e-05,-0.0022507605119
y16x65,-0.000323073374935,0.000450615262082,-0.00213430010304
y28x62,-0.00112995668011,0.000426285047675,-0.000472413260836
y28x65,-0.0008295326581,0.000560111337733,0.00366077375084
y19x65,-0.000709307031432,0.000367395685787,-0.00147480845308
y22x53,-0.000861608311377,0.000264485161506,-0.00207897291764
y22x50,-0.000169768005561,0.000200150301805,-0.000350980167409
y22x56,-0.00121701115512,0.000386163263328,-0.00290557488348
y19x62,-0.000277635850331,0.000443884480491,0.00351274374983
y19x47,-0.000856083458036,0.000215898018449,-0.00331661723902
y25x62,-0.000349932432488,0.00046589599762,0.00529739625472
y19x44,-0.00290949766653,0.000139178378876,-0.00679807367451
y19x41,-0.00267285568924,3.89456062071e-05,-0.00481342502386
y22x38,-0.00259653846348,4.14099960264e-05,-0.00889693967529
y25x41,-0.00290306378816,0.000230593295487,-0.00672763345983
y25x65,-0.000260977504919,0.000497842119467,0.00405500362542
y25x44,-0.0033365427483,0.000242630477647,-0.00653331351122
y16x62,-0.000331121794785,0.000227747977704,0.00317476726403
y10x59,3.87550561377e-05,0.00044547072883,-0.000460429314071
y25x47,-0.00192562791078,0.000387008856752,-0.00457565896974
y22x41,-0.00339691533421,0.000201842976832,-0.00866456860309
y22x59,-0.00056957992757,0.000414044671624,0.00180457279052
y10x53,0.000349138196506,0.00026277442784,0.00128286125197
y10x50,0.000407132215471,-4.3380935783e-05,0.00206584259228
y16x59,-0.000433343505553,0.000185794173541,0.000119387128411
y10x38,-0.0019736329245,0.000109303287664,-0.00828667252806
y28x56,-0.00192563822543,0.000204739229372,-0.00503754784632
y28x50,-0.00106477732205,9.38797553235e-05,0.000109352674483
y28x53,-0.00124610278303,0.000187439632747,-0.00523232392726
y25x38,-0.00161074968131,0.000374477679424,-0.00340125664071
y13x38,-0.00176253055416,-3.54273791201e-05,-0.00207545170251
y16x53,-0.00196791695808,6.21862497252e-05,-0.00641157413992
y13x53,-0.00169343578968,2.06605430413e-05,-0.00494434874486
y28x59,-0.00346397369691,0.0001779521706,-0.0152176215995
y13x50,-0.000709278640791,0.000110528309554,-0.000404259822293
y10x62,-0.00174987806521,0.000359981253314,-0.0125844204396
-----------------------------------------------------------------------
left
x_pos
y13x59,-0.00115340024466,0.000228030995366,-0.0059226240263
y22x47,-0.00114559971574,0.000274409664358,-0.0020608026034
y16x56,0.000228029018847,0.000103353941086,0.00580917871869
y28x38,-0.00158623428166,0.000168340150628,-0.00329531755633
y19x50,-0.000541912722918,0.00018618532932,-0.00108443562432
y19x38,-0.00286734141996,-0.000158822683375,-0.00811681515619
y19x53,-0.0009901722051,0.000142536051121,-0.00309025492777
y22x44,-0.00265730226325,0.000262636891277,-0.00877495017456
y19x56,-0.00156747709795,0.000290123619875,-0.00595590642658
y22x62,-0.00214061699238,0.000375240371206,-0.00903430485968
y13x56,-0.00123312508678,9.66840975411e-05,-0.00345143535683
y19x59,-3.84866847023e-05,0.000379746300136,0.0033232492348
y16x50,-0.00118345887525,0.000144083082308,-0.00338831267102
y10x56,-0.00120947603303,0.000348774007228,-0.0106648089968
y22x65,0.00040166622272,0.000485134370625,0.00734444320067
y10x41,-0.00342009930849,0.000144449851196,-0.0102000044207
y13x65,-7.16461953896e-05,0.000383257822758,-0.00133029046943
y10x65,0.00205197359181,0.000371361161206,0.0161412457828
y10x44,-0.00254376787537,4.3056403521e-05,-0.00829757004919
y13x62,0.000899176593218,0.000380278150857,0.00775737034523
y25x59,-0.00187103303567,0.000326813849093,-0.00676425511692
y10x47,-0.00111173087502,2.83736415278e-05,-0.00256365781147
y25x56,-0.00241911426283,0.000236601592087,-0.0102488416547
y25x53,-0.000751988121913,0.000154970039831,-0.00159394253468
y25x50,-0.000675862306919,0.000172557290592,-0.00140411346384
y28x41,-0.00308814092677,0.00021038513783,-0.00728942374473
y16x38,-0.00149302113681,1.68237698085e-05,-0.00299842805561
y28x47,-0.00202936757726,0.000330333746049,-0.00334417748828
y28x44,-0.00367943389333,0.000244884184157,-0.00727209324489
y13x44,-0.00201896532962,3.94869619812e-05,-0.00588016693565
y13x47,-0.000220431256963,-5.14158987243e-05,0.00141606257801
y16x41,-0.00188634705947,4.4925186685e-05,-0.00241404711147
y13x41,-0.00196699235498,-8.73904959722e-05,-0.000161222817679
y16x47,0.000227740054989,9.12298626079e-05,0.00255708541172
y16x44,-0.0011557617733,-4.98375856861e-05,-0.0022230833396
y16x65,-0.000246820871756,0.00041163989275,-0.00171771649077
y28x62,-0.00116072414799,0.000385891616061,-0.000193560760823
y28x65,-0.000795786048795,0.000494727415333,0.00450215535015
y19x65,-0.000603074455146,0.00031006290767,-0.000862178543914
y22x53,-0.000836771575659,0.000246022999118,-0.0021250652598
y22x50,-5.01201513476e-05,0.000180012189809,0.000165816969608
y22x56,-0.00134295975293,0.00034866063735,-0.00367569971942
y19x62,-0.000432184280336,0.000383672579037,0.00333535409845
y19x47,-0.000878068900405,0.000198822911527,-0.00370941478236
y25x62,-0.000352941028988,0.000435043393612,0.00606446856089
y19x44,-0.00291395914834,0.000135180964237,-0.00748522901456
y19x41,-0.00260364163401,3.17748268969e-05,-0.00541165863872
y22x38,-0.0025119136781,4.0546192663e-05,-0.00972648468469
y25x41,-0.00290874774711,0.00019325773263,-0.00777607205885
y25x65,-0.000395046777361,0.000443925767826,0.00393918225199
y25x44,-0.00331622155702,0.000208255109164,-0.00744520655047
y16x62,-0.000323322578458,0.000198570111124,0.00347778647182
y10x59,8.20248095054e-05,0.000400763376493,4.78282304306e-05
y25x47,-0.00190756786415,0.000346892158399,-0.00501372556943
y22x41,-0.00326723380964,0.000181395577977,-0.0094229040885
y22x59,-0.000613067384762,0.000354897341109,0.0017276874523
y10x53,0.000509290544007,0.000242737371179,0.00186985040922
y10x50,0.000460869866697,-4.20320485966e-05,0.00312110523132
y16x59,-0.000423354357192,0.000158648199714,0.000580425220852
y10x38,-0.0019911329476,0.000114582518811,-0.0091795319667
y28x56,-0.00194767552173,0.000190301051711,-0.00574527913859
y28x50,-0.0010117954802,9.68632552963e-05,0.000161387572057
y28x53,-0.00119657810115,0.000156706578128,-0.00536306074759
y25x38,-0.00161204451132,0.000331084772374,-0.00405050675807
y13x38,-0.00176357481454,-2.69544840744e-05,-0.00232803157904
y16x53,-0.00197020109969,2.55794241258e-05,-0.00734209318362
y13x53,-0.00172928749444,1.78769860447e-05,-0.00544137835794
y28x59,-0.00344123567564,0.000172928565907,-0.0171265111173
y13x50,-0.000568276620539,8.63243876062e-05,-0.000239208086216
y10x62,-0.00166267990086,0.000323605816378,-0.0141182855809
-----------------------------------------------------------------------
left
x_pos
y13x59,-0.00111252581637,0.00020808922362,-0.00621925987217
y22x47,-0.00106998231482,0.000250150604254,-0.00208189979552
y16x56,0.000300065382205,0.00010054020495,0.00652065037059
y28x38,-0.0016414675207,0.000162153479323,-0.00426873831018
y19x50,-0.000549640077064,0.000149365950649,-0.00117319314903
y19x38,-0.00281593918367,-0.000148844736901,-0.00890926326602
y19x53,-0.000994404903725,0.000130933721869,-0.00357713684359
y22x44,-0.00267602209168,0.000231389660825,-0.00981199809407
y19x56,-0.00149225582818,0.000270405045077,-0.00643493033856
y22x62,-0.00222192844873,0.000341275649703,-0.0108031958727
y13x56,-0.00118627994689,7.94913842719e-05,-0.00302181323616
y19x59,6.25370251713e-05,0.000343850796797,0.00491191345024
y16x50,-0.00128567669362,0.000113477389719,-0.00421167867021
y10x56,-0.00116499838611,0.000296210372639,-0.011213822675
y22x65,0.000459758394719,0.000432698388106,0.00873801707899
y10x41,-0.00334302091617,0.000139980958268,-0.0113868022977
y13x65,-6.87500404294e-05,0.000342272242208,-0.00129343222849
y10x65,0.00205613306544,0.000331290302653,0.0176962952988
y10x44,-0.00250099037424,4.8179346165e-05,-0.00915026815993
y13x62,0.0010205480923,0.000338087880486,0.00929804189557
y25x59,-0.00180642229971,0.000300416599414,-0.00711190032616
y10x47,-0.0011309013458,2.83643559576e-05,-0.00310132087991
y25x56,-0.0023933757793,0.000204163935017,-0.0111129636009
y25x53,-0.000788430513558,0.000138129068583,-0.00199071161488
y25x50,-0.000663521324228,0.000143785192371,-0.00140911472515
y28x41,-0.00314643847133,0.000192311491839,-0.00790151722156
y16x38,-0.00138471779235,2.81845098251e-05,-0.00306939444488
y28x47,-0.00193916504423,0.000299077064267,-0.0034752319564
y28x44,-0.00367882881786,0.000231540254842,-0.00867866970099
y13x44,-0.00203331403858,2.40080850283e-05,-0.00660851270274
y13x47,-0.000261078499538,-3.60501017967e-05,0.00147038551427
y16x41,-0.00184411568443,5.22191823714e-05,-0.00294067500669
y13x41,-0.00199331394795,-8.44877754711e-05,-8.18801757335e-05
y16x47,0.000325385369842,9.4058999716e-05,0.00339029045622
y16x44,-0.00113718351713,-4.75829432688e-05,-0.00243621562057
y16x65,-0.000211553511236,0.000373782200767,-0.00132567044766
y28x62,-0.00111397708157,0.000345194865884,0.000466878576472
y28x65,-0.000755123707508,0.000428881257351,0.00571970962478
y19x65,-0.000724952422778,0.000281905489397,-0.00153833845415
y22x53,-0.000734119136906,0.000221245541799,-0.0021794261553
y22x50,-2.75218087292e-05,0.000164170792106,0.000464344501388
y22x56,-0.00140422242731,0.00030550640542,-0.00441973714715
y19x62,-0.000419088328651,0.000327404417543,0.0035639358301
y19x47,-0.000965782525086,0.000180365117152,-0.00390246219154
y25x62,-0.00025599052802,0.000398307796482,0.00737632435689
y19x44,-0.00285226631987,0.000118176329441,-0.00830514371071
y19x41,-0.0025627188143,2.38861948274e-05,-0.00570698134307
y22x38,-0.00256610243621,4.51055424896e-05,-0.0105708761807
y25x41,-0.00276758898808,0.00018162353939,-0.00821027143011
y25x65,-0.000454336141648,0.000399877799955,0.00410568082422
y25x44,-0.0032305436703,0.000190205376315,-0.00834094727669
y16x62,-0.000308017079109,0.00018132124265,0.00386107055871
y10x59,0.000129788908862,0.000355647026585,0.000471237664273
y25x47,-0.00196163006173,0.000303765759674,-0.00561379512973
y22x41,-0.00328049351985,0.000151008654601,-0.0104185781355
y22x59,-0.000733814407456,0.000313555032503,0.00113738880112
y10x53,0.000465949041388,0.000225285779244,0.00126566866713
y10x50,0.000471014804812,-2.50695196028e-05,0.00341100371045
y16x59,-0.000424529849927,0.000132802370062,0.00070536464598
y10x38,-0.00206184221725,0.000104152660716,-0.010356998256
y28x56,-0.00196073881607,0.000191352254254,-0.00649672988175
y28x50,-0.00100889176431,0.000103613924826,0.000222504928233
y28x53,-0.00113179756756,0.00014233313955,-0.00516345794758
y25x38,-0.00148968934026,0.000290790796143,-0.00430701886519
y13x38,-0.00181512573985,-3.24641181471e-05,-0.002544796998
y16x53,-0.00205826635545,9.7164355476e-06,-0.00861537927303
y13x53,-0.00178395786465,1.95385261816e-05,-0.0063870961642
y28x59,-0.00344244864416,0.000154880308115,-0.018951942335
y13x50,-0.000506209657611,7.16564941504e-05,-0.000227556106083
y10x62,-0.00169750637351,0.000287299835873,-0.0156508798172
