-----------------------------------------------------------------------
left
x_pos
y28x59,-0.00330746561824,0.000115253565851,-0.00174662555911
y22x47,-0.000923427674673,0.00195651765146,-8.7852311546e-05
y25x44,-0.00337511765505,0.00202535767932,-0.001155496072
y25x41,-0.00256672153999,0.00125605146727,-0.000568228502654
y28x38,-0.0021913689215,0.00106488080858,-0.000219376760841
y19x50,0.000427181754133,0.00243133366388,0.000434006251731
y25x59,-0.00273727344839,0.00275863124801,-0.00171813060728
y19x38,-0.0028997959378,-0.000566329902417,-0.000473509640335
y19x53,-0.0023605189324,0.000641070174574,-0.000877045830201
y22x44,-0.0029845795203,0.00328839659805,-0.0012111749539
y19x56,-0.000883726645931,0.00293666630353,-0.000420483975096
y22x62,-0.00114300396528,0.00370331490821,-0.000148944179367
y19x59,-0.00136451952254,0.00290248584823,-0.000559886621261
y25x62,-0.00158806643461,0.00313998366079,-0.000313513599509
y22x65,-0.00158500076956,0.00317366178418,-0.000671488747314
y10x41,-0.00161168985351,-0.000298539327698,0.000174463091839
y13x65,3.6484722666e-05,0.00539585398672,-0.000514795182006
y10x65,0.000786671667161,0.00371703743145,0.000692503070033
y10x44,-0.00250514838881,9.24494561763e-05,-0.000663016830938
y13x62,-0.000145810464404,0.000313351312005,0.000188554503317
y16x62,-0.000254310029712,0.00301428619297,-0.000223953135841
y10x47,-0.000293767727307,0.00129445055573,-0.000350056679968
y25x56,-0.0010688896759,0.002233448944,-0.00028901430768
y25x53,-0.00113728071036,0.00263853712328,-8.75899617073e-06
y28x41,-0.00460631324645,0.00222026557991,-0.000985833181567
y25x50,-0.000473970171377,0.00210042538569,5.79099802328e-05
y22x41,-0.0030295579044,0.00149099508491,-0.00114104388936
y28x47,-0.000806996861543,0.0030090302479,5.26429245258e-05
y28x44,-0.00427911714998,0.00251358361751,-0.00116656585873
y13x44,0.000904097806385,0.00208575918645,0.000112461677699
y13x47,-0.000125991473252,0.00292586162716,-1.43373690469e-05
y16x41,-0.00162222087707,-0.00107284780235,-0.000138216121557
y13x41,-0.0018566511443,-0.000751596583391,-0.000403864994091
y16x47,0.00124316808999,1.65823932688e-05,0.000649813484147
y16x44,-0.000836783342918,-0.000476983724873,5.8181190658e-05
y28x53,-0.00216040681887,0.00159830389414,-0.000868068012722
y28x62,-0.00061868176918,0.00168045615387,0.000289211221462
y16x65,-0.000759683685487,0.00321025997141,-0.00052456356707
y16x38,-0.000406274676359,-0.00132035628174,0.000424495957126
y28x65,-0.000478243949768,0.00262791928975,0.00055252708071
y19x65,1.52810419963e-05,0.00159456541433,0.000418755339046
y22x53,-0.0019191917376,0.00436017370791,-0.000690120995883
y22x50,-0.00200781006461,0.00119022193189,-0.000496969643252
y22x56,-0.0001990967341,0.00390459768495,0.000294369783015
y19x62,-0.000212204161132,0.00353594044781,5.95615901398e-05
y19x47,-0.0012468487262,-0.000731568299783,9.05416478136e-06
y10x62,-0.000102996072421,0.00524215913526,-0.00034019477741
y19x44,-0.0024094005667,2.84928024336e-05,-0.00106712830663
y19x41,-0.00187830287846,-0.0008086111163,-0.000342528381819
y22x38,-0.00338821702844,8.44058022282e-05,-0.000873953987013
y10x38,-0.0029977427172,-0.00146444685436,-0.000712252573143
y25x65,0.000438573608126,0.00314199189378,0.00130085773934
y13x38,-0.000314869299504,0.0010626701999,8.99311699154e-05
y25x38,-0.00175893505249,0.00190357239438,-0.000899852051401
y10x59,7.03995173407e-05,3.20678366141e-05,1.73603456408e-05
y25x47,-0.00255561744794,0.00302498080536,-0.000600499410108
y10x56,-0.000777155733446,0.000624102176961,-0.000449013180916
y22x59,0.000417276378528,0.00303358464653,0.000810546299253
y10x53,0.000522545635106,0.00214216926798,0.000373596264944
y10x50,-0.000494869182227,0.000430361971071,0.000236021760982
y16x59,0.00163812545992,0.0018165571028,0.00155750190931
y28x56,-0.00197711208895,0.00256630578236,-0.000652855137582
y28x50,-0.000727726091368,0.00110422765964,0.000455800825858
y13x59,-0.000452155117782,-0.00123867322083,0.000175797822802
y13x56,0.000304149156667,3.93119840194e-05,0.00101575866475
y16x50,-0.000963419114267,0.00128823897607,-0.000129314199277
y16x53,-0.00106177578024,0.000200836747131,-0.000560908296004
y13x53,-0.00158012600298,0.0010222736823,-0.000587732154783
y13x50,-0.00146305946348,0.000771751679694,-0.000495084792858
y16x56,-0.0019664217334,-0.000901375477449,-0.00119631861848
-----------------------------------------------------------------------
left
x_pos
y28x59,-0.00366386801985,0.00138891111581,-0.00196396768579
y22x47,-0.000743734629793,0.00237084539341,-0.000214644140553
y25x44,-0.00363013653803,0.0021223502771,-0.00107929882283
y25x41,-0.00311199707611,0.0012179223405,-0.000831656356938
y28x38,-0.00249254923502,0.00140151444985,-0.000352763369511
y19x50,-0.000268573390278,0.00164235455009,1.2552016615e-05
y25x59,-0.00195022093127,0.00259285042107,-0.000948022669652
y19x38,-0.00361006401867,-0.00164754644866,-0.000697542896847
y19x53,-0.00202197073993,0.00101932997974,-0.000705026105335
y22x44,-0.00310917961521,0.00299632414505,-0.00101161839128
y19x56,-0.000792773311913,0.00298693032918,-0.000442003128444
y22x62,-0.00202741037016,0.00313394002204,-0.000881360801773
y19x59,-0.000584185915406,0.00356382292618,0.000156988960069
y25x62,-0.000750501391338,0.00411778644585,0.00020350949336
y22x65,-0.000239333451171,0.00382975540418,0.00041099054839
y10x41,-0.00239076926174,0.000635220205659,-0.000492665097958
y13x65,-0.000228199549051,0.00429395905323,-0.000581285813238
y10x65,0.00160905065772,0.00387901534731,0.00138630234177
y10x44,-0.00241267436719,0.000369756265388,-0.000916840287322
y13x62,0.000750384542769,0.001537703124,0.000595675455447
y16x62,-0.0001811806039,0.00221742884149,-0.000203306040602
y10x47,-0.000361885724772,0.00115730101336,-0.000255330594565
y25x56,-0.00206753887105,0.0020887568075,-0.000784652682759
y25x53,-0.000984532073347,0.00184111503817,-4.76958333944e-05
y28x41,-0.00375326578375,0.00154768605816,-0.000776307548672
y25x50,-0.000813586990321,0.00134662202895,-0.000143277427891
y22x41,-0.00337636259269,0.000918261535617,-0.00106301345108
y28x47,-0.00114982788302,0.00311955515612,-0.000197545311402
y28x44,-0.00393134535855,0.00247668735781,-0.00104850327981
y13x44,-0.0012396739358,0.00106382398318,-0.000483433429196
y13x47,-0.000419136005922,0.00049521841688,0.000127513621961
y16x41,-0.00167866534012,0.000734922963358,-0.00026372145393
y13x41,-0.00217268938265,-0.000774173297879,-0.000256547060709
y16x47,0.000608849441765,0.00128222045404,0.000491844127546
y16x44,-0.00046033499971,-0.000530529851144,3.93859419815e-05
y28x53,-0.00141676199889,0.00125433937038,-0.000605743574406
y28x62,-0.000315339511153,0.0023761798322,0.000495286949428
y16x65,-0.00049328726477,0.00354510367076,-0.000182230853537
y16x38,-0.000631500084009,-0.000190652880802,0.000184312998937
y28x65,-0.000712105084698,0.00369367408003,0.000220853021408
y19x65,-0.000722836250503,0.00229542650028,-0.00015561746009
y22x53,-0.0011501589849,0.00325811241218,-0.000400361678669
y22x50,-0.000852811087074,0.00116508092467,-0.000141433208631
y22x56,-0.00125898227321,0.00302128237883,-0.000340287064528
y19x62,-0.000681651088761,0.00332551750401,-0.000251811923681
y19x47,-0.00147574296069,0.00103816486465,-0.000331167704869
y10x62,-0.000860127955704,0.00377593750714,-0.000708496823681
y19x44,-0.00279372529349,0.00132264044563,-0.00111203561119
y19x41,-0.00214087409618,-9.9832642119e-05,-0.000522667983418
y22x38,-0.00284905729754,0.000500526053473,-0.000929871016979
y10x38,-0.00277417556244,-9.91950672508e-05,-0.00123193584308
y25x65,-0.000220308827615,0.0040972828627,0.000603027000934
y13x38,-0.00114861934345,0.000569886083766,-7.85370909399e-05
y25x38,-0.00159583693693,0.0024259824601,-0.000665224749751
y10x59,0.000492331106707,0.00110771989158,0.000256519670229
y25x47,-0.0019945103064,0.00336971069049,-0.000366327959835
y10x56,-0.00116669669127,0.0018930934421,-0.000865789497379
y22x59,-0.000179019958798,0.00293074631072,0.000520425783603
y10x53,-0.000236707581522,0.00208898074815,-0.000121331637017
y10x50,-7.99445401715e-05,-0.000278931784521,0.000486848752947
y16x59,0.000454926876259,0.00195829169981,0.000836215901693
y28x56,-0.00228319470659,0.00211877768513,-0.000940534086213
y28x50,-0.000729492485929,0.00112018938983,0.000362345376433
y13x59,-0.000774780635224,0.000423202294548,-0.000327668741905
y13x56,-0.000355457223076,0.000240921663334,0.000504650644701
y16x50,-0.00130470891018,0.000130562092318,-0.000463103816995
y16x53,-0.00126756747877,-0.000129085387709,-0.000613970830549
y13x53,-0.00178212854484,0.000686596926075,-0.000795606696912
y13x50,-0.000818266792431,0.0011562165338,8.44258743644e-05
y16x56,2.40899716336e-05,0.000901373677093,8.05907795627e-05
-----------------------------------------------------------------------
left
x_pos
y28x59,-0.0036839643695,0.00165436308262,-0.00197208340762
y22x47,-0.000492988122893,0.00200562573068,8.33224921503e-05
y25x44,-0.00289625168622,0.00221899353715,-0.000791356378829
y25x41,-0.00307873261208,0.0013937051357,-0.000921119245855
y28x38,-0.00184633571256,0.0009896162331,-0.000267158401754
y19x50,-0.000795592453252,0.000842679008183,-0.000138204339777
y25x59,-0.00181821796834,0.00279402662503,-0.000964825393429
y19x38,-0.00384130893427,-0.00177851106411,-0.000897821655407
y19x53,-0.00142176648228,0.00125159717194,-0.000527334717416
y22x44,-0.00279389163904,0.00291550099401,-0.00102920451817
y19x56,-0.000962745300471,0.0024644883028,-0.000187558729752
y22x62,-0.00235597794442,0.00258943623404,-0.00102818643922
y19x59,-0.000188517030222,0.00428911024979,0.000572521365655
y25x62,0.0003129523974,0.00442410119561,0.000868123149959
y22x65,0.000298619295211,0.00482115217318,0.000972264976686
y10x41,-0.00251490847344,0.00126596261741,-0.000706914013088
y13x65,2.86356776361e-06,0.00363573015027,-0.000386215197206
y10x65,0.00213319323791,0.00424921801898,0.00146975062179
y10x44,-0.00252548626682,-0.000172680187869,-0.000767675418096
y13x62,0.001305645705,0.00261425022699,0.000916935477073
y16x62,-8.01464020491e-05,0.00180107283119,2.51930399202e-05
y10x47,-0.000673161091536,0.00100591269262,-0.000258036041815
y25x56,-0.00222768654659,0.00191059856412,-0.000710339394724
y25x53,-0.000764737136425,0.00123981179711,-0.000199796268094
y28x41,-0.0037163670161,0.0013628332831,-0.000800492849206
y25x50,-0.000906321472747,0.00114327700635,-0.00011731106895
y22x41,-0.00395585403276,0.00116969720049,-0.00112811354443
y28x47,-0.000966268835705,0.00308630785443,-0.00021769616473
y28x44,-0.00399658870824,0.00250641223596,-0.00105435269426
y13x44,-0.00182556991871,0.00116783362997,-0.000583862953345
y13x47,-0.000218318757582,-0.000410825465129,0.000361588420113
y16x41,-0.00186769234601,0.0009836402859,-0.000333998392445
y13x41,-0.00251623353138,-0.000911063158546,-0.000304594495778
y16x47,4.03067385019e-05,-1.86540256566e-05,0.000457616275425
y16x44,-0.000820764320034,-0.00121825890337,7.28659194325e-05
y28x53,-0.00159874582837,0.00181280191149,-0.000779409011121
y28x62,-0.000562361144423,0.00253355648931,0.0002613323382
y16x65,-2.58774476763e-05,0.00369683699835,-9.03872546019e-05
y16x38,-0.00111468714901,0.000762945807827,-8.88769818803e-05
y28x65,-0.00066061066815,0.00371068013549,0.00031477832332
y19x65,-0.000573339483269,0.00149703014585,0.000340233292758
y22x53,-0.00101671497578,0.0029811479648,-0.000434561760867
y22x50,2.84743004108e-05,0.00123393419915,0.000336727106551
y22x56,-0.0022577697266,0.00327427713581,-0.00110277336424
y19x62,-0.000619970885384,0.0037403348816,0.000133715033288
y19x47,-0.0011398617835,0.00223029699466,-0.000397694296777
y10x62,-0.00168524069754,0.00298844280297,-0.0013050867023
y19x44,-0.00315311339558,0.00162088242599,-0.00112729532339
y19x41,-0.00259150215811,-0.00015192125024,-0.000556455323366
y22x38,-0.00272028417118,0.00087150100516,-0.000920875660246
y10x38,-0.00243480524303,0.000610177366993,-0.00119294375192
y25x65,-0.000985648820851,0.00436040543096,-2.34637589906e-05
y13x38,-0.00100859601092,1.24557558594e-05,-8.04430836533e-05
y25x38,-0.00155984355352,0.00257552321193,-0.00048307876158
y10x59,0.000466952276666,0.00227557491695,0.000259661037189
y25x47,-0.00207390513226,0.00306632221162,-0.000415221201943
y10x56,-0.00167513475706,0.00288011756336,-0.00106616342612
y22x59,-0.000359537615734,0.0031607935179,0.000233958973997
y10x53,0.000351134085392,0.00197406323576,0.000177961965211
y10x50,6.27855636036e-05,0.000176403150922,0.000419971674349
y16x59,0.000171636268951,0.00111807483973,0.000579378987753
y28x56,-0.00171049041284,0.0010770065789,-0.000755752642473
y28x50,-0.000861869971865,0.00141147934788,5.15735477662e-05
y13x59,-0.000652942577574,0.00137958639883,-0.000592735400369
y13x56,-0.000150073359006,0.00130048480634,0.000193506272389
y16x50,-0.00160894717727,0.000728714413886,-0.000743464646039
y16x53,-0.00205402984454,-0.000390574778911,-0.000833800058818
y13x53,-0.00181149461188,0.000783903727175,-0.000627025841011
y13x50,-0.000473595728332,0.000472246170034,0.000160093602539
y16x56,0.000613411295162,0.000799895352622,0.000939725728298
-----------------------------------------------------------------------
left
x_pos
y28x59,-0.00397530949028,0.00142839456152,-0.00204246556087
y22x47,-0.000915967691684,0.00285603617651,-0.000303362512121
y25x44,-0.00303045129858,0.00161672525576,-0.000666030428894
y25x41,-0.00366511504624,0.00176315563328,-0.00107927136058
y28x38,-0.00220820896319,0.000486131559393,-0.000440645261162
y19x50,-0.00099566735341,0.000955897728007,-0.000388705295736
y25x59,-0.00213826515858,0.0031384015918,-0.00117369091866
y19x38,-0.00344661718274,-0.00226952600931,-0.000969736295438
y19x53,-0.00144819832214,0.00123278716498,-0.00058601089777
y22x44,-0.00217676749399,0.00255448040601,-0.000850576758973
y19x56,-0.00106180231724,0.00249030285873,-0.000217997667756
y22x62,-0.00237001128681,0.00268398702496,-0.00122729831346
y19x59,0.000148325522278,0.00382613891421,0.000961559776587
y25x62,0.000797453277368,0.00519622524089,0.00110068319449
y22x65,0.000859389129278,0.00420154259946,0.00127164935747
y10x41,-0.00295050111358,0.00137511640092,-0.0008414775005
y13x65,-0.000395574357274,0.00380684981346,-0.000241710497478
y10x65,0.00171443953955,0.0034762101656,0.00139040019223
y10x44,-0.00219241006494,0.00102623706218,-0.000938107062433
y13x62,0.000734778553646,0.0031653840465,0.000619248088528
y16x62,-2.03136122105e-05,0.00128928876096,0.00033353544904
y10x47,-0.000972902285242,0.000833056945575,-0.00041980274764
y25x56,-0.00244744093804,0.00141674555567,-0.00106497870376
y25x53,-0.000688581041923,0.00156823045407,2.84853033465e-05
y28x41,-0.00412568320062,0.00148967832502,-0.000992726239109
y25x50,-0.000294071387897,0.00144388119666,3.19128132035e-05
y22x41,-0.00348800457335,0.00113575377719,-0.000878517713313
y28x47,-0.00146943618697,0.00284044146806,-0.000258959599281
y28x44,-0.00426320330184,0.00259400767851,-0.00122489441302
y13x44,-0.00230468114334,0.00126655751691,-0.000786551454428
y13x47,-1.71334041023e-05,-0.000605394667117,0.000365133313946
y16x41,-0.00123623865086,0.00102008261706,-0.000198927885055
y13x41,-0.0020878594154,-0.00155228717804,-0.000119492095135
y16x47,-0.000135041499187,0.000434733516124,0.000294772569743
y16x44,-0.00111169650254,-0.000684537653671,6.68137375126e-05
y28x53,-0.000921330970516,0.00170946805446,-0.000350095347659
y28x62,-0.00109597375723,0.00287068413419,-0.000146012949394
y16x65,-0.000347157331495,0.00440459489829,-0.000222322792641
y16x38,-0.00137453144329,6.29948643682e-05,-4.58495306972e-05
y28x65,-0.00078843106272,0.00380820608657,0.000481031265282
y19x65,-0.000898495121167,0.00230175427399,0.000128953494023
y22x53,-0.000574700826917,0.00295476308744,-0.000148275492776
y22x50,9.46100545682e-05,0.00126481379821,0.000417575379649
y22x56,-0.00204743752758,0.00319754810678,-0.000913510570574
y19x62,-0.000564123024547,0.00405439683048,5.81717135076e-05
y19x47,-0.00061269840144,0.00238370917329,-0.000215087113353
y10x62,-0.00152656331344,0.00274072984383,-0.000903505745144
y19x44,-0.00320042353708,0.00140037847697,-0.00108942193296
y19x41,-0.00283814611573,0.000109674661512,-0.000671184930359
y22x38,-0.00244074284607,0.00111678988627,-0.000978946614791
y10x38,-0.00244810808282,-0.000110218061031,-0.00108967597602
y25x65,-0.00128589872514,0.00460513653473,-0.000460344657967
y13x38,-0.00148362417451,-0.000513491866463,-0.000142521149939
y25x38,-0.00119693519367,0.00239046758655,-0.000527124342196
y10x59,0.000495276224775,0.00265041723848,0.000454996004985
y25x47,-0.00202100279762,0.00330779000692,-0.000403235105151
y10x56,-0.00121966438338,0.00338689456668,-0.00100262984338
y22x59,-0.000965531817388,0.00275500011094,0.000101690795045
y10x53,0.000560622518146,0.00233524786785,0.000149926367168
y10x50,0.000196206641664,-0.000129104188655,0.000349477547489
y16x59,-0.000351261467994,0.000560518554615,0.000413541995066
y28x56,-0.00158392415334,0.00107712716321,-0.000585960565309
y28x50,-0.00128750009294,0.00176047818879,-0.000180147975591
y13x59,-0.00099938369581,0.00166399718649,-0.000517534979598
y13x56,-0.00121465662898,0.000324136254164,-0.000291686999785
y16x50,-0.0016309215287,0.00156103350966,-0.000676890405117
y16x53,-0.00199631111161,-0.000107311595686,-0.000966020740554
y13x53,-0.00216277459345,9.70263861817e-05,-0.00078460791438
y13x50,-0.000623266330279,0.000750967888328,0.000104668962538
y16x56,0.000533929719638,0.00115004884756,0.000952210148762
-----------------------------------------------------------------------
left
x_pos
y28x59,-0.00328365741003,0.00135073319555,-0.00174828280128
y22x47,-0.000781251325262,0.00259445022638,-0.000336521821958
y25x44,-0.00311374441968,0.00245242207365,-0.000841787930399
y25x41,-0.00311582485609,0.00193359811501,-0.00104833423144
y28x38,-0.00185612956521,0.00110540246585,-0.000401025984046
y19x50,-0.000580846598119,0.00135010948978,-0.00036947113986
y25x59,-0.0012229277573,0.00338132389236,-0.000421197219297
y19x38,-0.00366097412929,-0.00171397038041,-0.00132790516622
y19x53,-0.000993566709936,0.00108963613997,-0.00065948477246
y22x44,-0.00258772343669,0.00237911224551,-0.000992904540759
y19x56,-0.00105137880319,0.00210044438315,-4.34593825995e-05
y22x62,-0.00244850705593,0.00197950780188,-0.00133854344701
y19x59,0.000657840598158,0.00428216420322,0.0010055374743
y25x62,0.000257789957627,0.00515333278975,0.000754011351915
y22x65,0.00110246688324,0.00451748952338,0.00144907746413
y10x41,-0.00280440879409,0.000808179358939,-0.000920815002189
y13x65,-0.000746212444189,0.00285335237573,-0.000322880107814
y10x65,0.00155059114887,0.0034796920416,0.00136103368929
y10x44,-0.00256352078498,0.000850982480892,-0.000877961802801
y13x62,0.00101458588741,0.00359445619094,0.000843986855555
y16x62,-3.67548747757e-05,0.000807249631042,0.00051423915461
y10x47,-0.000732183263978,0.000630242205114,-0.000274458932006
y25x56,-0.00248275781222,0.00227526546151,-0.00117666207118
y25x53,-0.00146845880388,0.00142671684434,-0.000654241942589
y28x41,-0.00436412202771,0.00130056806353,-0.00104557521171
y25x50,-0.00075266400649,0.00190160874351,-5.52177596855e-05
y22x41,-0.00335251050175,0.00148379520679,-0.000947023291812
y28x47,-0.00169196831273,0.00292124853253,-0.000338203813132
y28x44,-0.00422598889836,0.0021824334397,-0.00120499728231
y13x44,-0.00231541302568,0.00136613597822,-0.000751590872717
y13x47,-0.000165864225865,-0.000842973453143,0.000457712202982
y16x41,-0.00156049499541,0.0010126960563,-0.000182759430107
y13x41,-0.00231363082132,-0.000823485674799,-0.000158104657333
y16x47,0.000245439143395,0.000804052272905,0.000551766559265
y16x44,-0.00143585528624,-0.00116528327785,5.57329127201e-06
y28x53,-0.00111714479882,0.00196163340816,-0.000275190970138
y28x62,-0.00162277292123,0.00282714823793,-0.000187307695906
y16x65,1.18127460701e-05,0.0047057447051,-0.000184640425956
y16x38,-0.00182347314226,0.000662487235381,-0.000232577044019
y28x65,-0.000920727951462,0.00451661355145,0.00036470981712
y19x65,-0.000827527878559,0.00216004682604,0.000168787864619
y22x53,-0.000636741043345,0.00286880779638,-4.19864980398e-05
y22x50,0.000424622417873,0.00129337865629,0.000516845304963
y22x56,-0.00211693197332,0.00291317224366,-0.00084731118089
y19x62,-0.000864142233667,0.00352531428682,0.000155302309588
y19x47,-0.000712261141995,0.00275144667384,-0.000339374156945
y10x62,-0.00115909749762,0.00242006750654,-0.000916275576474
y19x44,-0.00328996261026,0.00124057390791,-0.00112162248031
y19x41,-0.00228677166174,0.000244879246558,-0.000465499511687
y22x38,-0.00219357164444,0.000827227949763,-0.00086376944584
y10x38,-0.00219753801968,1.61702325946e-05,-0.000992772359683
y25x65,-0.00185587157088,0.00427866071037,-0.000593840305838
y13x38,-0.00166103098543,-0.000328302296901,-0.000242374469525
y25x38,-0.00125912256031,0.00245621926433,-0.00030663112185
y10x59,0.000318468719031,0.00306099794308,0.000142081850187
y25x47,-0.00205192355157,0.00301233764112,-0.000662883281926
y10x56,-0.00122566950819,0.00321831950736,-0.00124398656069
y22x59,-0.00110497302212,0.00274638662938,0.000134119397683
y10x53,0.0002102490212,0.00216862298161,-0.000237101929093
y10x50,0.000379228198539,-0.000688029101348,0.00045121524036
y16x59,-0.000530496882268,-0.000174839222732,0.000433057682393
y28x56,-0.00162869841492,0.00156309924128,-0.000611587975323
y28x50,-0.00145577509315,0.00176886822687,-0.000311218046624
y13x59,-0.000697858807463,0.0017723449369,-0.000274133293235
y13x56,-0.00151339375329,0.00118938093235,-0.000525223548516
y16x50,-0.00203282134057,0.00129854516896,-0.000868714243117
y16x53,-0.00238177638863,-0.00190330213819,-0.000855258414619
y13x53,-0.00241232613627,0.000168116468925,-0.000865367925385
y13x50,-0.000467696613533,0.000921871245227,0.000126231958217
y16x56,0.00109076697701,0.00103925552439,0.00110415506343
-----------------------------------------------------------------------
left
x_pos
y28x59,-0.0032305165207,0.0012017707,-0.00166084416715
y22x47,-0.000905822406175,0.00302943778842,-0.00050467302709
y25x44,-0.00343521263877,0.00209748066341,-0.000783233495451
y25x41,-0.0032279068592,0.00210123062831,-0.00113798022054
y28x38,-0.00195233153581,0.00131473819581,-0.000392458709608
y19x50,-0.00070297910162,0.00113175589071,-0.000315878271767
y25x59,-0.00189849224328,0.00248426706325,-0.000548384904449
y19x38,-0.00351478105834,-0.00121267904399,-0.00123452198768
y19x53,-0.000734228254804,0.00105408441173,-0.000298459781209
y22x44,-0.00272621803614,0.00271178056808,-0.00111119306219
y19x56,-0.000906524476498,0.00194081380691,4.16895125528e-05
y22x62,-0.00232427475258,0.00192538116073,-0.00106643273197
y19x59,0.000987032075079,0.0044122071945,0.00116291973832
y25x62,0.000471111038579,0.00528353465205,0.000883489597414
y22x65,0.00101328463629,0.00427350632775,0.00118630526571
y10x41,-0.00314618330375,0.000601545665497,-0.000971623507194
y13x65,-0.000837073753302,0.00379635828022,-0.000407811487508
y10x65,0.00180390123821,0.00360765978781,0.00149030689045
y10x44,-0.00254370437299,0.00081682521642,-0.000770390797632
y13x62,0.00152708690175,0.00422669916032,0.000974541394153
y16x62,0.000173465487213,0.00108873677525,0.000449064601126
y10x47,-0.00145649211152,0.000351558407208,-0.000210226963101
y25x56,-0.00238834906302,0.00209520359165,-0.0013136804654
y25x53,-0.00141872678128,0.0018474947703,-0.00079709363553
y28x41,-0.00416617785994,0.00195505125451,-0.000978389792675
y25x50,-0.000860664272404,0.00195445406983,-0.000181467714722
y22x41,-0.0034291785628,0.00153608133547,-0.000911542917684
y28x47,-0.00156866384357,0.00330567316761,-0.000270999267399
y28x44,-0.00396581066656,0.0021313433729,-0.000996116261018
y13x44,-0.0020994397337,0.00151100350899,-0.000833526823685
y13x47,0.000212109018422,-0.000129929064305,0.000457056788187
y16x41,-0.00173305419426,0.00113032696042,-0.000280739382691
y13x41,-0.00233275640075,-8.55749664905e-05,-0.000280438668483
y16x47,7.35756307506e-05,0.000612108690737,0.000365792223535
y16x44,-0.00136971118434,-0.000800978683987,-5.11930676611e-06
y28x53,-0.00123877667093,0.00183579946627,-0.000595639354662
y28x62,-0.00161232833929,0.00376679665978,-0.000320515764912
y16x65,0.000300440425437,0.00427324001613,0.000113647301734
y16x38,-0.00165845398823,0.000378271996567,-0.000159085117919
y28x65,-0.000915451907305,0.00420018799582,0.000256793202839
y19x65,-0.000947726307704,0.00182941279491,0.000170168247398
y22x53,-0.000566714727845,0.00288406706695,-0.000141723648533
y22x50,6.54818778296e-05,0.000823875536117,0.000457934167785
y22x56,-0.00247394090331,0.0025913708731,-0.00110769860597
y19x62,-0.00102444684852,0.00331166943353,-0.000150501627532
y19x47,-0.00117130705768,0.00245226980654,-0.000449723773018
y10x62,-0.00152725889734,0.00205901981008,-0.00115834341871
y19x44,-0.00341478929589,0.00142952693012,-0.00121400475992
y19x41,-0.00242091826666,0.00048385219543,-0.000520981898418
y22x38,-0.00244862668367,0.00125274036259,-0.000971035475105
y10x38,-0.00243479167469,0.000326257135355,-0.00121329709778
y25x65,-0.00104005267986,0.00446227626429,1.37004286871e-05
y13x38,-0.00221691646688,-0.000252585630853,-0.00023377190991
y25x38,-0.00199075482115,0.00235964669124,-0.000392401758228
y10x59,-5.96693056425e-05,0.00328884470669,-6.39091327748e-05
y25x47,-0.00151085203586,0.00312018933331,-0.000508930136086
y10x56,-0.00143891747019,0.00352793887077,-0.00111841737301
y22x59,-0.000946284702204,0.00353297410334,0.000220098502121
y10x53,9.38640147069e-05,0.00215907148824,-0.00026638545966
y10x50,0.000501561650742,-0.00109899997675,0.000539588084005
y16x59,-0.000791968458166,0.000399565408494,0.00029547890107
y28x56,-0.00172701691078,0.00127239489829,-0.000580567767584
y28x50,-0.00129400835936,0.00160969338679,-0.000141682743508
y13x59,-0.00145025619115,0.00284323701334,-0.000853867302091
y13x56,-0.00169295693926,0.00103863207561,-0.000332154606022
y16x50,-0.00186399030237,0.000173682171816,-0.000869816986612
y16x53,-0.00237665291631,-0.000625997573491,-0.00100932571736
y13x53,-0.0025989432634,-0.00019280104554,-0.000939920893044
y13x50,-0.000398103504345,0.000637374982942,0.000178466176171
y16x56,0.00158464296193,0.000539123522112,0.00130780589229
-----------------------------------------------------------------------
left
x_pos
y28x59,-0.00335877803785,0.00213173786475,-0.00163078915856
y22x47,-0.000948809011219,0.00241386495737,-0.000187963655931
y25x44,-0.00270995555485,0.00182691736279,-0.000547869751696
y25x41,-0.0026603857956,0.00221533151939,-0.000810822718951
y28x38,-0.00246502911986,0.000880293240556,-0.000313189850191
y19x50,2.38433730407e-05,0.00202290526146,1.14284138573e-05
y25x59,-0.00263248226019,0.00284359407255,-0.00130070940191
y19x38,-0.00248835628787,1.71461326159e-05,-0.00127025295167
y19x53,-0.00124447830441,0.00161077610191,-0.000403385706065
y22x44,-0.00315179685658,0.00253180169999,-0.00119277919525
y19x56,-0.00127724080458,0.0018946157973,-0.00028085162775
y22x62,-0.00164558310567,0.00300703110441,-0.000643804054801
y19x59,-0.00143288637266,0.00300602251274,-0.000406015893097
y25x62,-0.000467010693281,0.00417425794852,0.000466723020028
y22x65,-0.000150730815033,0.00456753463261,0.000429632548223
y10x41,-0.00307094319813,0.000760709007626,-0.0010781638087
y13x65,0.000155195974448,0.00366852924886,5.09480176052e-06
y10x65,0.00225776429749,0.00347351135443,0.00188485059672
y10x44,-0.00244667024623,0.000413721689109,-0.000803575877288
y13x62,0.00123209150649,0.00414176804102,0.000906875126579
y16x62,0.000965955865853,0.00148959655431,0.00119924500491
y10x47,-0.00150362173709,0.000384017510809,-0.000336287800807
y25x56,-0.00181634768208,0.00181261884343,-0.000612732042883
y25x53,-0.00103213824703,0.00184529732812,-0.000396580399952
y28x41,-0.00382218012275,0.00192168242185,-0.00082606644419
y25x50,-0.000379314374989,0.00162833448184,0.000132100667875
y22x41,-0.00305953323696,0.00135742025386,-0.000714885571314
y28x47,-0.00191460352018,0.00307619358682,-0.000487435079862
y28x44,-0.00379877240917,0.0024200657411,-0.00101403264154
y13x44,-0.00262199979343,0.000980502160845,-0.000802708589529
y13x47,0.000574838134342,-0.000858097727609,0.000566983913707
y16x41,-0.00262426564518,0.000614761653214,-0.00062710369833
y13x41,-0.00198272838228,0.000150463578247,-0.000240991744445
y16x47,-0.000590666227238,0.000324695555266,-2.56887568532e-05
y16x44,-0.00192897742913,0.000126112069611,-0.000389580286715
y28x53,-0.000664535973476,0.00115214680617,-0.00030103531769
y28x62,-0.00146625210273,0.00354523237038,-0.000229435851255
y16x65,-0.000110757078662,0.00371107971139,-5.60682066636e-05
y16x38,-0.00217912265019,0.000656362660104,-0.000558888668402
y28x65,-0.00074465866413,0.00394490646935,0.000467717877723
y19x65,-0.000616022589166,0.00284068996347,0.000112446103495
y22x53,-0.000547938162295,0.00274150342939,-0.00032652920519
y22x50,-0.000841589316399,0.000900737241553,9.68602181706e-05
y22x56,-0.00118303423803,0.00368738455865,-0.000208360744338
y19x62,0.000400439790585,0.00290002689087,0.000807692377366
y19x47,-0.00132889437628,0.00163587444309,-0.000379704714334
y10x62,-0.000922791237308,0.00230995016424,-0.00104908860028
y19x44,-0.00349741976951,0.00129474307235,-0.00126770282858
y19x41,-0.00288948160775,-0.000142440285317,-0.000674026123402
y22x38,-0.00283962869225,-0.000423452630873,-0.000973776932325
y10x38,-0.00178196314063,0.000558505211695,-0.0009040894636
y25x65,-0.000635548604504,0.00439196269596,0.000325436468633
y13x38,-0.00192995439309,-0.000664846247355,-0.000181795053478
y25x38,-0.00167815171864,0.00239159352089,-0.000305314075292
y10x59,0.000727820294304,0.00286716389433,0.00053167053866
y25x47,-0.0017599856004,0.00341477164668,-0.000467244940503
y10x56,-0.00126616137913,0.00295070161926,-0.00112281934418
y22x59,-0.000373977503492,0.00252826415127,0.00065666689687
y10x53,-4.29142145789e-05,0.00241239194415,-0.000231101042193
y10x50,0.000399103417285,-0.000191339412878,0.000603192906785
y16x59,-0.00143826012546,0.00168926851556,-0.000619438412824
y28x56,-0.00188835377185,0.00190936197941,-0.000765014708267
y28x50,-0.00104246958214,0.00133383761098,-0.000125541046377
y13x59,-0.000999876222282,0.00269134888825,-0.000751386025754
y13x56,-0.00190443336044,0.000960786154249,-0.000766301174059
y16x50,-0.000837352127996,0.000767424424474,-0.000175769469043
y16x53,-0.00144186957108,0.000130739471027,-0.000659889016248
y13x53,-0.00210901084824,-0.000308708216216,-0.000853050210022
y13x50,-0.000365988077423,0.00119522798705,0.000112441292103
y16x56,0.000393639138402,0.00158700330912,0.000262181051081
-----------------------------------------------------------------------
left
x_pos
y28x59,-0.00390372763747,0.00175088098381,-0.00209535345109
y22x47,-0.00110716477532,0.0028133338088,-0.000377172669896
y25x44,-0.00321901240692,0.00158229312467,-0.000623112929533
y25x41,-0.00274719607895,0.00156847841084,-0.000943131628221
y28x38,-0.00200410531884,0.00143541338257,-0.000379862158113
y19x50,-0.000551293065335,0.00134609902926,-0.000328693409372
y25x59,-0.00267661605361,0.00276571118778,-0.00136394810957
y19x38,-0.00290580518989,-0.000886674456845,-0.00133896345007
y19x53,-0.0015330758423,0.00139571045254,-0.00044120960206
y22x44,-0.00329573288852,0.00261399262041,-0.00126360787595
y19x56,-0.00107820921398,0.00213829213682,-0.000153952586142
y22x62,-0.00245304624629,0.00313051754054,-0.00111055088776
y19x59,-0.000506758383725,0.00367538823824,0.000302709801601
y25x62,-0.000145410953472,0.00441135695982,0.000772868625658
y22x65,0.00029867112569,0.0047480427024,0.000795325634879
y10x41,-0.00297825385997,0.000234433016552,-0.000960960988427
y13x65,-9.30884783458e-06,0.00322473241365,-3.62868871696e-05
y10x65,0.00195518948422,0.00410595209822,0.00121433328422
y10x44,-0.00224962670114,0.000938015374166,-0.000983735044408
y13x62,0.0012484656606,0.00457719194228,0.00103414289159
y16x62,9.15601074061e-05,0.00136985143927,0.00077571670134
y10x47,-0.00150863884978,0.000684057545176,-0.000256858854479
y25x56,-0.00206758121976,0.00157256907485,-0.00090005174535
y25x53,-0.000605821369602,0.00167434255281,-0.000188631515295
y28x41,-0.00334155058292,0.00178155624496,-0.000776323604142
y25x50,-0.000488499318489,0.00191824039661,0.000161500453847
y22x41,-0.00324033265174,0.00158582197467,-0.000882911251043
y28x47,-0.00168109669693,0.00327230308083,-0.000424499530779
y28x44,-0.0037059282864,0.00242144636722,-0.00104403764401
y13x44,-0.00341535875172,0.00117679514752,-0.000842336227709
y13x47,0.000452872962953,-0.000851794669964,0.000341090487363
y16x41,-0.00214576693348,-0.000250159980798,-0.000357065063085
y13x41,-0.00214557824003,-0.000105709229886,-0.000110936221664
y16x47,-0.000384099904944,0.000632421628855,2.60623783116e-05
y16x44,-0.0013637169394,-0.000484865790909,-0.000268076635828
y28x53,-0.0012362345286,0.00179537672717,-0.000767143713325
y28x62,-0.00155153024323,0.00392146455588,-0.000399837437587
y16x65,0.000139368804403,0.00387147984438,-4.085149906e-05
y16x38,-0.00213834350642,0.000569842424065,-0.00036544623782
y28x65,-0.000603343435364,0.00358437952438,0.000498754984408
y19x65,-0.000720664731604,0.00312443505021,-0.000118309609
y22x53,-0.000599525434578,0.00293118156895,-9.7135385396e-05
y22x50,-0.000929108296095,0.000946867555494,6.3141436523e-05
y22x56,-0.00194905281314,0.00327513754752,-0.000693693072897
y19x62,-0.000210093775206,0.00290375039686,0.000399336168435
y19x47,-0.00107831376053,0.00237671439972,-0.000409987789942
y10x62,-0.00183433565802,0.00257897464155,-0.00168021290471
y19x44,-0.00311999121978,0.00189158988269,-0.00132430452811
y19x41,-0.00259205309382,-0.000342192246056,-0.000553689966316
y22x38,-0.00305254760991,0.00050195572812,-0.00113029572587
y10x38,-0.00217677525727,0.000750774173918,-0.00102584811566
y25x65,-0.000887711184599,0.00427570274145,4.5064531109e-05
y13x38,-0.00146966067611,-0.000690269191103,-0.000294032549888
y25x38,-0.00142001853337,0.0024589054412,-0.000297805829971
y10x59,-1.22966104016e-05,0.00313912551495,-0.000111715256977
y25x47,-0.00158726454772,0.00301548030581,-0.00055264946993
y10x56,-0.00121532668112,0.00376017251221,-0.00118807224575
y22x59,-0.000500948101802,0.0024829533909,0.000362098663522
y10x53,7.55388121774e-05,0.0024878987421,-6.27426008969e-05
y10x50,-0.000178572749754,-0.00078179566333,0.000474036436926
y16x59,-0.00134921274274,0.001200199682,-0.000315465876068
y28x56,-0.00195885663418,0.00191857546029,-0.00081285671169
y28x50,-0.00067191642189,0.00135758579789,0.000207600967731
y13x59,-0.00137743411346,0.00296850878036,-0.000847017058095
y13x56,-0.0018120149053,0.000758021736954,-0.000594163549829
y16x50,-0.00170603202904,0.00112701943899,-0.000732899657309
y16x53,-0.00238254055984,-0.000116965360401,-0.000869589904707
y13x53,-0.00162490459214,0.000389516945869,-0.000907938001006
y13x50,-0.000229407492913,0.00046051834098,0.000247750661234
y16x56,0.00077636601688,0.00127886219216,0.000741747245191
-----------------------------------------------------------------------
left
x_pos
y28x59,-0.00352474994559,0.00156534270321,-0.00189724846625
y22x47,-0.000821042860859,0.00238062359069,-0.000310429935926
y25x44,-0.00263173002472,0.00182934073737,-0.000571570861679
y25x41,-0.00341761960187,0.00175039832246,-0.000994302738472
y28x38,-0.00212841368907,0.00116613410022,-0.000423463126369
y19x50,-0.000947180507634,0.0014023348145,-0.000353689761985
y25x59,-0.0028573533497,0.00325815135186,-0.00148872303931
y19x38,-0.00301671827586,-0.00141849448142,-0.00119064850446
y19x53,-0.00144557633023,0.00135550022878,-0.000344116052063
y22x44,-0.00308103093677,0.00261549794778,-0.00123738421292
y19x56,-0.00079082776367,0.0022512108316,-0.000118565057026
y22x62,-0.00239345157366,0.00297062696105,-0.00133731609663
y19x59,3.2548902661e-05,0.00396385687019,0.000508368049763
y25x62,0.000103665815785,0.00471038265658,0.00104767418613
y22x65,0.000359952119161,0.00515954889839,0.000695849005368
y10x41,-0.00304918458931,0.000664902741293,-0.00103062425312
y13x65,0.000307568562559,0.00369912080638,-1.92269399201e-05
y10x65,0.00196313381788,0.00379381256819,0.00141447862441
y10x44,-0.00257385455903,0.000637250386906,-0.000996480571502
y13x62,0.000695456222131,0.00388212903176,0.000666841396724
y16x62,-0.000291911126691,0.00143191417658,0.000447361771008
y10x47,-0.000942144554655,0.00093459029649,-0.000387663866062
y25x56,-0.00241360024169,0.00146679852365,-0.00115037567188
y25x53,-0.000218346038219,0.00198452441368,-7.86027584198e-05
y28x41,-0.00285937420269,0.00144677605775,-0.000839514807937
y25x50,-0.000407003491429,0.00169655688553,4.18857921791e-05
y22x41,-0.00331346461963,0.00181171186921,-0.000846121032325
y28x47,-0.0017517615951,0.00326180459171,-0.000321518752941
y28x44,-0.00373892051648,0.00248093271818,-0.000907492099732
y13x44,-0.00347083093231,0.000223606676643,-0.000752376614346
y13x47,-0.000344152501183,-0.000221960079042,5.09015884427e-05
y16x41,-0.00192915620932,0.000276599180412,-0.000376459084165
y13x41,-0.0021932820842,-0.000887550005352,-0.000123071277984
y16x47,-0.000362304227382,0.00130330686503,0.000132799890831
y16x44,-0.00175937776999,-0.000735415414077,-0.000227282511758
y28x53,-0.0011658914234,0.00160443088008,-0.00057667123151
y28x62,-0.00123705693162,0.00452840762561,-0.000162522472263
y16x65,-0.000198667448194,0.00382155491001,-0.000181607400378
y16x38,-0.00147169531336,0.000385124499529,-0.00018154675606
y28x65,-0.000722664489349,0.00363670099327,0.000446756136768
y19x65,-0.000750201614698,0.00251233028736,8.83595685014e-05
y22x53,-0.000317167108495,0.00255355459237,0.000152365233069
y22x50,-0.00062554811131,0.00225048524901,-4.97363519479e-05
y22x56,-0.00221121876024,0.00262233251758,-0.00105046711779
y19x62,-0.000422824258159,0.0029692015596,-2.51734834726e-05
y19x47,-0.000852365371665,0.00234039345893,-0.000486754029817
y10x62,-0.00174282669452,0.00262894122389,-0.00153406797213
y19x44,-0.003259073696,0.00189310740557,-0.00123894917135
y19x41,-0.00222942309213,0.000277382752429,-0.000431798905155
y22x38,-0.00281444454989,0.000519183612965,-0.0010242002881
y10x38,-0.00183125222967,1.78698799829e-05,-0.000938178750061
y25x65,-0.00124362656248,0.00379645319469,-0.000166484206779
y13x38,-0.00120146390977,-0.000400255790969,-0.000319135968588
y25x38,-0.00169350191907,0.00254745753877,-0.000313638697845
y10x59,0.000354672201249,0.00290934867588,0.000152278143802
y25x47,-0.00199873228251,0.0026837741701,-0.000770420768308
y10x56,-0.00132650060483,0.00370525313503,-0.00124759954687
y22x59,-0.00147245166554,0.00307697091537,-0.000280012319173
y10x53,-9.21866421083e-05,0.00201249056942,4.19712207586e-05
y10x50,-8.79576390392e-05,-0.000476181409161,0.000268660024898
y16x59,-0.00104427032803,0.000951455659865,-0.000240542702846
y28x56,-0.00245139195272,0.00237650042702,-0.000980999161755
y28x50,-0.00120854304731,0.00133381843825,-0.000126674495739
y13x59,-0.00132781972802,0.00233926204986,-0.000800532352045
y13x56,-0.00189882202024,0.000371255729925,-0.000774383421033
y16x50,-0.00178158166731,0.00010335812834,-0.000643992663869
y16x53,-0.00201926679318,0.000570747786823,-0.000841719683968
y13x53,-0.00197584236587,0.00056967414093,-0.000979348658878
y13x50,-0.00037095265462,0.000861004452891,0.000176026410849
y16x56,0.00074938712664,0.00239867588255,0.000896870622422
-----------------------------------------------------------------------
left
x_pos
y28x59,-0.00340246703331,0.0015209705284,-0.0017445987193
y22x47,-0.00101527118571,0.00318110334298,-0.000324704478231
y25x44,-0.00265836743577,0.00170528296298,-0.000685852385781
y25x41,-0.00301990744978,0.00162331628574,-0.000857993230024
y28x38,-0.0029191811843,0.00153188774169,-0.000599429241428
y19x50,-0.0011322511276,0.000433608008101,-0.000348662620703
y25x59,-0.00271592306451,0.00290042491351,-0.00138584776021
y19x38,-0.00277719454788,-0.00142384550865,-0.00109729437386
y19x53,-0.00100804414117,0.00151324536837,-0.000350535346536
y22x44,-0.00287430325138,0.00247773718366,-0.0012320833366
y19x56,-0.00131103350407,0.00276185054336,-0.000423581413745
y22x62,-0.00213729271684,0.00252931748902,-0.000910655319405
y19x59,0.000369301723763,0.00422658413139,0.000885524419896
y25x62,0.000503192867605,0.00466563139493,0.00146418958094
y22x65,0.000651552906054,0.00478578582492,0.00107688189927
y10x41,-0.0026430061555,0.00129472890188,-0.000958939655245
y13x65,7.10807453207e-05,0.00354709134423,-0.000389387407199
y10x65,0.00177602550956,0.00399711782933,0.00143322494481
y10x44,-0.00265277059661,0.000893596605157,-0.00100419686032
y13x62,0.00108241621503,0.00378578226649,0.000773591103589
y16x62,-3.97739700127e-05,0.000921462655131,0.000454114956826
y10x47,-0.00112287429513,0.000757977471873,-0.000312205560889
y25x56,-0.00190942195283,0.00169942728618,-0.00081335895717
y25x53,-0.000430194138635,0.00202375533679,8.24734092833e-05
y28x41,-0.00260336416423,0.00166416041327,-0.000771545954121
y25x50,-0.000565454959923,0.00197460405541,-0.000349604207088
y22x41,-0.00369114526512,0.00189358592039,-0.000932583465
y28x47,-0.0017081953193,0.00313970416941,-0.000263379214886
y28x44,-0.00398802250141,0.00255577234164,-0.00102530712876
y13x44,-0.00316053283451,0.00129288437136,-0.000901708486031
y13x47,-0.000393251889219,-0.00144270037157,0.000324834604546
y16x41,-0.00170568845256,0.000491856252933,-0.000223990055701
y13x41,-0.00229623681627,-0.000227486790075,-0.000131581686509
y16x47,-0.000145968054526,0.00108867687048,0.000251015025577
y16x44,-0.00129882797537,-0.00129017487929,-0.000115591863257
y28x53,-0.00103685241438,0.00182639843302,-0.000435772237227
y28x62,-0.00124305693608,0.00408734942552,-0.000134309354733
y16x65,0.000100130648411,0.00427846880434,3.07523971122e-05
y16x38,-0.00165691869543,0.000642153467841,-0.000348184973772
y28x65,-0.000400701917115,0.00412444774744,0.000500791320092
y19x65,-0.00104249895894,0.00278649461623,-0.000139455477623
y22x53,-0.000755010328507,0.00238266373265,-0.000201444529552
y22x50,5.21509151189e-05,0.00183536457054,0.000127092848675
y22x56,-0.00207890029054,0.00335057256545,-0.000959291025683
y19x62,-0.000800153805619,0.00283900530419,-0.000140611951829
y19x47,-0.000784307628756,0.00227704324578,-0.00033006340689
y10x62,-0.00177901509661,0.00265539746917,-0.00128817303154
y19x44,-0.003366876065,0.00210372508409,-0.00122461861006
y19x41,-0.00159281124228,8.8915412572e-05,-0.000324417387817
y22x38,-0.00283529017886,0.00092869048124,-0.00104404710672
y10x38,-0.00246861430275,0.000185413500057,-0.000883852338443
y25x65,-0.00136504266095,0.00396517247725,-0.000291049986763
y13x38,-0.00138955092339,0.000129739673212,-0.000338608657807
y25x38,-0.00166321126971,0.00264656236657,-0.000333353500601
y10x59,4.20243228937e-06,0.00306662336376,-0.000357191499221
y25x47,-0.0021266106723,0.00265806518082,-0.000672103080231
y10x56,-0.00155269964795,0.00458902795112,-0.00121151147807
y22x59,-0.00131260261255,0.00315957127784,-0.00019020859642
y10x53,0.000136555029499,0.00206095490675,0.000151297522482
y10x50,1.86411500254e-05,-0.000829341462965,0.000279795804091
y16x59,-0.000718181470818,0.00127437709667,-8.8749772084e-05
y28x56,-0.00245602840269,0.00192059265673,-0.00103521702946
y28x50,-0.00149207972249,0.00107744255617,-0.000208248159285
y13x59,-0.00137925940862,0.00240121888448,-0.00084445706794
y13x56,-0.000986296546468,0.00075189926998,-0.000359882520313
y16x50,-0.00222087336658,0.000459447310729,-0.000848900955499
y16x53,-0.00173468523139,0.000237097504146,-0.00075970464552
y13x53,-0.00253512671072,0.000707884823428,-0.00117512922817
y13x50,-0.000193349409968,0.000994552920048,0.000114080669724
y16x56,0.00138275298313,0.00166800001729,0.00144485344935
-----------------------------------------------------------------------
left
x_pos
y28x59,-0.00344274517953,0.00205267870481,-0.00174150485137
y22x47,-0.000401535673898,0.00290106115316,-7.47095647624e-05
y25x44,-0.00329138481057,0.00180405499523,-0.000691533575054
y25x41,-0.00283358187848,0.0016809418027,-0.000830051965973
y28x38,-0.00268574004524,0.00170840090002,-0.000326266238218
y19x50,-0.0012390888745,0.000886296008452,-0.00035139543925
y25x59,-0.00287996762487,0.00229280072594,-0.00133067480985
y19x38,-0.00275810896459,-0.00162634449782,-0.00106108217015
y19x53,-0.00113269126554,0.0014302558071,-0.000242063872961
y22x44,-0.00271598576209,0.00191986834814,-0.00100616225616
y19x56,-0.0010477895371,0.0025914912447,-0.000110780858259
y22x62,-0.00310255250737,0.00322260957402,-0.00173930135492
y19x59,0.000426166484679,0.00505779828384,0.000883806694592
y25x62,0.00108460341588,0.00453727675925,0.00165406637504
y22x65,0.00113103718516,0.00421725889986,0.00126243820321
y10x41,-0.00223938551949,0.00224123402265,-0.0011848279808
y13x65,1.89910543585e-05,0.00366738747517,-0.000217995171691
y10x65,0.00180363076095,0.00416521143688,0.00178167404549
y10x44,-0.00302639353874,0.00121672174934,-0.000902025749979
y13x62,0.000941006451674,0.00375667517598,0.000695507029255
y16x62,-0.000881900123885,0.00131621118189,5.7991686115e-05
y10x47,-0.00190669395198,0.000151026122618,-0.000412659635931
y25x56,-0.0023147187795,0.00102384735798,-0.000936258483628
y25x53,-0.000402627894207,0.00159923486061,1.63232905439e-05
y28x41,-0.00223882102327,0.00151478103057,-0.000718646802712
y25x50,-0.000736341859907,0.00152625037993,-0.000177793326896
y22x41,-0.00282430029502,0.00197829038038,-0.000771294243795
y28x47,-0.00144272475589,0.00243547566167,-0.000232803044928
y28x44,-0.00328660121671,0.00208105375178,-0.000845191698919
y13x44,-0.00318611630254,0.00126638021955,-0.00087536077299
y13x47,-0.000487564481916,-0.000809460002996,6.69856855633e-05
y16x41,-0.00162515478807,0.00103684366964,-0.000261652357746
y13x41,-0.00262629135687,-0.00151010414802,-0.00011499136708
y16x47,-0.000455447350102,0.00112083497074,0.000183437545766
y16x44,-0.00108529142953,-0.00177473124259,-5.91762712805e-05
y28x53,-0.00103027255333,0.00216547346162,-0.000365790834279
y28x62,-0.00177534625867,0.00389600694509,-0.000449928829067
y16x65,0.000117774831751,0.00441828691055,-6.25503700902e-05
y16x38,-0.00152350796019,0.00074849416599,-0.000246355058815
y28x65,-0.000523608144635,0.00357777169372,0.000386761646223
y19x65,-0.00101483090077,0.00330917938626,-0.000201886725476
y22x53,-0.000837092078556,0.00266371350772,-0.000212596645877
y22x50,-0.000161014256162,0.00193280911264,-1.87523423094e-06
y22x56,-0.00215843978665,0.00270450508038,-0.000698313174417
y19x62,-0.000986218296156,0.00300335471838,-0.000212107996927
y19x47,-0.000945337964158,0.00256848160408,-0.000467286625366
y10x62,-0.00255684983549,0.0034656470106,-0.00186526751773
y19x44,-0.00314004626859,0.00220638200893,-0.00100338758192
y19x41,-0.00167354925009,2.25400065931e-05,-0.000390756042091
y22x38,-0.00278417211207,0.00141569487841,-0.0011393792718
y10x38,-0.0022461615052,0.000870030995724,-0.00108438525761
y25x65,-0.00136383811291,0.00415942136448,-0.000400648192475
y13x38,-0.00193595655125,-0.000248974129969,-0.000312462801051
y25x38,-0.00190893276461,0.0029779303559,-0.000436283583481
y10x59,-0.000273363986155,0.00322642663898,-0.00041005693824
y25x47,-0.00229818482565,0.00263676289076,-0.000659275831914
y10x56,-0.00180248098939,0.00315390265214,-0.00111878193565
y22x59,-0.00193463267484,0.00278679817481,-0.000856947883915
y10x53,0.000180281178397,0.00159630572307,0.000168906956546
y10x50,-0.00010731405531,-0.000788647086503,0.000306716762184
y16x59,-0.000449388759885,0.000961107480135,0.000174106358498
y28x56,-0.00232550311949,0.00196719307003,-0.000818065180453
y28x50,-0.00137608469728,0.00154267238686,-0.000222136467854
y13x59,-0.00138817252256,0.0026115751406,-0.000838168514195
y13x56,-0.000779698254154,-1.38623505724e-05,-0.00013915583446
y16x50,-0.00199879346923,1.1891076702e-05,-0.000799061316745
y16x53,-0.00187882164084,0.000257100088764,-0.000822622365244
y13x53,-0.00220773511637,0.00111592973879,-0.00100662304368
y13x50,-0.000198859773856,0.00045870129935,0.000234463874274
y16x56,0.00168012654347,0.000897360696595,0.00150092901877
-----------------------------------------------------------------------
left
x_pos
y28x59,-0.0035934931455,0.00201424855928,-0.00202775401816
y22x47,-0.000717778112495,0.00318398212247,-0.000240456829998
y25x44,-0.00321458065701,0.00235694238379,-0.000694359154701
y25x41,-0.00248339385843,0.00152645209036,-0.000752454494776
y28x38,-0.00194958479593,0.00109012930803,-0.000275581789819
y19x50,-0.00139962952011,0.000717916490123,-0.000379964544014
y25x59,-0.00296482567541,0.00255829208934,-0.00152201079222
y19x38,-0.00350894943861,-0.00139687260946,-0.00106381015879
y19x53,-0.00139068778776,0.00154589284166,-0.000474206053235
y22x44,-0.00289390697255,0.00256867709467,-0.00114119580564
y19x56,-0.000973809116992,0.00268500937998,-0.000158688604188
y22x62,-0.00337053293905,0.00336901612387,-0.0018735546909
y19x59,0.000885383362221,0.00460919294378,0.000877416770723
y25x62,0.000976848848762,0.00480849756867,0.0014676231436
y22x65,0.00121254704196,0.00405291784882,0.00159880032361
y10x41,-0.0026519081782,0.00119963632659,-0.00112185025725
y13x65,0.000220055682494,0.00344431174552,7.02091837337e-05
y10x65,0.00141076753926,0.00389975035505,0.00153238910845
y10x44,-0.00295034075798,0.000656452033841,-0.000858005335996
y13x62,0.00116500772852,0.00347937570501,0.000611743838586
y16x62,-0.000639400962658,0.000984772160073,0.000179636609262
y10x47,-0.00121579196109,0.00052085359288,-0.000500814940895
y25x56,-0.00272211336177,0.00132202582903,-0.00118350589479
y25x53,-0.00063869030094,0.00108507885554,-0.000119259295789
y28x41,-0.00321618229272,0.00168852369478,-0.000767744967752
y25x50,-0.000626529750187,0.00103606565685,5.17712819342e-05
y22x41,-0.00301107811126,0.00221351201806,-0.000883305804711
y28x47,-0.00111760963003,0.00264747857762,-8.88094474392e-05
y28x44,-0.00379151712606,0.00220689740471,-0.000973756774124
y13x44,-0.0027442986966,0.000775696028692,-0.000766654792724
y13x47,-0.000536734307841,-0.000887140859165,-6.49492141955e-05
y16x41,-0.00137674808561,0.00133968153796,-0.000259342806145
y13x41,-0.00228934724942,-0.00186954581553,2.34504309815e-06
y16x47,-0.000320237035036,0.0013635541235,0.000165520089862
y16x44,-0.00123290443748,-0.00153412765839,-2.11117691105e-05
y28x53,-0.000879349003369,0.00209457029941,-0.000454624178051
y28x62,-0.0011495325854,0.00337568772326,-9.03368927232e-05
y16x65,0.000115789773935,0.00479115143103,-0.000139935009038
y16x38,-0.00140550109108,0.000862349863814,-0.000213139563102
y28x65,-0.000349232052143,0.00346669993489,0.000495426009147
y19x65,-0.00109110509501,0.002908505864,-0.000369063735638
y22x53,-0.000891998288052,0.00253598164257,-0.000112522786883
y22x50,0.000190831331975,0.00147038433678,0.000193493571933
y22x56,-0.0021912820599,0.00278447419678,-0.00102620915014
y19x62,-0.00115958986991,0.00298569479715,-0.000425664423196
y19x47,-0.000849562786812,0.00256881186922,-0.000358491358598
y10x62,-0.00207132725763,0.00313057017798,-0.0013515342688
y19x44,-0.00299720141438,0.00218076211614,-0.00104247765304
y19x41,-0.00224876075167,-2.56989676169e-05,-0.000609842687111
y22x38,-0.00252269304094,0.00150305201112,-0.00113678810564
y10x38,-0.00178829855813,0.000582765743425,-0.000777416129098
y25x65,-0.0014227794358,0.00378345761283,-0.000427452570216
y13x38,-0.00182586127584,-0.000136899366641,-0.000252672061479
y25x38,-0.00230659878923,0.00277505936872,-0.000603800273436
y10x59,-0.000212345650385,0.00393488466557,-0.000422545721196
y25x47,-0.00209658783299,0.00276844243903,-0.000742918635494
y10x56,-0.0019449407784,0.00322399027146,-0.00128143546021
y22x59,-0.00172687896795,0.00314080216463,-0.000627557832467
y10x53,0.000198009132931,0.00219934534849,6.7196163288e-05
y10x50,5.07711981155e-05,0.000271669807088,0.000311761553756
y16x59,-0.000195299383811,0.000580683563123,0.000451257175827
y28x56,-0.00229402952911,0.00241715326864,-0.000757444758687
y28x50,-0.00110052631028,0.00155844495171,-4.48660231874e-05
y13x59,-0.000989215381219,0.00269281620091,-0.000856360135607
y13x56,-0.00141445873284,0.000319432418162,-0.000252376187169
y16x50,-0.00181913822896,5.61932917134e-05,-0.000474103442204
y16x53,-0.00152220866421,-7.83751573334e-05,-0.000757607800461
y13x53,-0.00234318235344,0.00113403152493,-0.00103058893915
y13x50,7.00209071009e-05,0.000743535328648,0.000509078703211
y16x56,0.00128465449409,0.00134045123852,0.00133433115029
-----------------------------------------------------------------------
left
x_pos
y28x59,-0.00378511347472,0.00198824430993,-0.00205352243327
y22x47,-0.00112048827459,0.00345523530691,-0.000506974387941
y25x44,-0.00340800140866,0.00160039998207,-0.000745822760641
y25x41,-0.00262184000731,0.00170375895361,-0.000954791778591
y28x38,-0.00202752119255,0.00141110753899,-0.000348060192174
y19x50,-0.000798440461631,0.000932465935854,-0.000330602354917
y25x59,-0.00221561956124,0.00200275300137,-0.000930652219614
y19x38,-0.0040080030002,-0.00126542779261,-0.00144688694716
y19x53,-0.00135199110858,0.00192133429418,-0.000356836463454
y22x44,-0.00288707365814,0.00269702291032,-0.0011276364242
y19x56,-0.000911364428156,0.00243423015403,-0.000293212894401
y22x62,-0.0031206810883,0.00359775200837,-0.00183579491509
y19x59,0.00128419383162,0.00422448058573,0.00118291671646
y25x62,0.000639845973071,0.00503637293935,0.00146382902639
y22x65,0.000804963087795,0.00464890715255,0.0014444856547
y10x41,-0.00230020182017,0.00140008795644,-0.0010643994647
y13x65,-0.000466833374513,0.00283890275624,-0.000144259797935
y10x65,0.00161331182956,0.00376227509227,0.00160901365033
y10x44,-0.00295491885354,0.000558661058985,-0.000787366849517
y13x62,0.00110589962875,0.00343195547507,0.00074826283225
y16x62,-0.000189451205149,0.00110887662272,0.000247402818504
y10x47,-0.000950533958912,0.000506409949239,-0.000400567683338
y25x56,-0.00310649705723,0.00129942219184,-0.00157039757197
y25x53,-0.000364508002298,0.00129724136627,0.000201218887638
y28x41,-0.00346114967046,0.00182980559702,-0.000729314812469
y25x50,-0.000297359364867,0.00118395393539,0.000206944360651
y22x41,-0.00347534732348,0.00151930323564,-0.000888777868734
y28x47,-0.00146591847446,0.00290072280522,-0.000339271902518
y28x44,-0.00413040650191,0.00209614775564,-0.00101682170295
y13x44,-0.00284749629591,0.000393623677505,-0.000964718391859
y13x47,-8.99128039399e-05,-0.00101800275726,6.57568551102e-05
y16x41,-0.00124452681596,0.000988593211382,-0.000146685816561
y13x41,-0.00197357599051,-0.00121551127649,-9.16526086093e-05
y16x47,0.000268768384697,0.000622271669287,0.00030247679012
y16x44,-0.000837740114714,-0.000554819977846,0.000192444780575
y28x53,-0.000902838728913,0.00202419528922,-0.000482686987221
y28x62,-0.00167277309024,0.00351328742754,-0.000479294431475
y16x65,0.000328614973836,0.00444902694353,0.000147749210573
y16x38,-0.00171398450305,0.000432947016175,-0.000135257212629
y28x65,4.15246123479e-05,0.00359999596182,0.000762963278868
y19x65,-0.000969365167495,0.00313875443067,-0.000201495516485
y22x53,-0.000233228267425,0.00306320311796,6.79135808097e-05
y22x50,0.00047163281181,0.00144117722956,0.000504165702514
y22x56,-0.00176905717155,0.00272442104396,-0.00105871111579
y19x62,-0.000822777238137,0.00275774971589,-1.36984721087e-05
y19x47,-0.000823171423152,0.00274959451819,-0.000494223753222
y10x62,-0.00222384247632,0.00235619777624,-0.00126082579599
y19x44,-0.00200117537449,0.00234184927304,-0.000613108238256
y19x41,-0.00241831662941,0.000329641502523,-0.000647004717542
y22x38,-0.00269754325302,0.0015975316144,-0.00119515281747
y10x38,-0.00242309808446,0.0004138207331,-0.00113578054202
y25x65,-0.00117489334797,0.00429185632422,-6.32528756302e-05
y13x38,-0.0017471656989,-0.000239174259621,-0.000168305825896
y25x38,-0.00199353049401,0.00284398321346,-0.000712059471876
y10x59,-0.000449382856586,0.00348908605522,-0.000291174456671
y25x47,-0.0022514681821,0.00293756469873,-0.00083519504022
y10x56,-0.00136964086893,0.00482950395623,-0.00131272013383
y22x59,-0.00160948665314,0.00317778870626,-0.000447325728878
y10x53,0.000273710901029,0.00232518042888,0.000105965389327
y10x50,-9.66994970557e-06,-0.000533533550071,0.000549503096054
y16x59,-0.000577018100738,0.00015842067187,0.000242746689469
y28x56,-0.00190798424222,0.00276313556181,-0.000529126668885
y28x50,-0.00100876027112,0.00217521753687,-0.000337774720907
y13x59,-0.00125782516978,0.0024801609113,-0.000509291405964
y13x56,-0.00109177107466,0.000204360245757,-0.000256539294233
y16x50,-0.00112612576161,4.43968593164e-05,-0.000526950656764
y16x53,-0.00203877009989,-0.000587311125281,-0.00100690365487
y13x53,-0.00239937800529,0.00113970185466,-0.00126374403477
y13x50,0.000332263672518,0.000917331091613,0.000445256376634
y16x56,0.0014666178614,0.000106300981126,0.00153496968592
-----------------------------------------------------------------------
left
x_pos
y28x59,-0.00345065956026,0.00159521264283,-0.00180508360555
y22x47,-0.000819916747602,0.00257210223006,-0.000383771674816
y25x44,-0.00325959029826,0.00158871860786,-0.000723681447832
y25x41,-0.00288834786358,0.0015415306366,-0.00101119128539
y28x38,-0.00162612262152,0.000822539098372,-0.000159807743379
y19x50,-0.000611928106197,0.00105122428052,-0.000439785803049
y25x59,-0.00249732866647,0.00327809796401,-0.000944619624488
y19x38,-0.0038621124614,-0.00165364192891,-0.00140995723227
y19x53,-0.00132850647769,0.00160613701792,-0.000338455110879
y22x44,-0.00287195479656,0.00283279257145,-0.00109471811935
y19x56,-0.00139508399303,0.00279565477953,-0.000531367398559
y22x62,-0.00283642133804,0.00356268993169,-0.00167267105822
y19x59,0.00137160706949,0.003846323047,0.00132975961512
y25x62,0.000471512395664,0.00416982431953,0.00145983198479
y22x65,0.00111975188929,0.00484519663467,0.00149768483082
y10x41,-0.00206523489752,0.000879414588867,-0.000887621881373
y13x65,-1.07496924715e-05,0.002976336237,-7.13821608729e-05
y10x65,0.00190996215997,0.00381615290877,0.00190021844371
y10x44,-0.00241527891224,0.000859050876177,-0.000674065449592
y13x62,0.00135187116714,0.00333806429071,0.000865492262959
y16x62,-0.000460987535662,0.000705466209835,0.000271268570775
y10x47,-0.00125148425886,0.00017488753422,-0.000343764374526
y25x56,-0.00253670767387,0.00131050444992,-0.00111644054543
y25x53,-0.000327677194756,0.00116639885405,-2.73037747681e-05
y28x41,-0.00357446626196,0.00162548200648,-0.000728689890319
y25x50,-0.000474635501492,0.000952419878493,0.000217122339806
y22x41,-0.00357526176617,0.00147610600325,-0.00088824012236
y28x47,-0.00133331662759,0.00346791480564,-0.000324045302557
y28x44,-0.00378176750055,0.00189543588193,-0.000847198196208
y13x44,-0.00283906628474,-0.00032433581452,-0.000821144676888
y13x47,-0.000324875661683,-0.000618498223317,-1.87262558472e-05
y16x41,-0.00130922590981,0.00178395271532,-0.00026361947666
y13x41,-0.00164815098656,-0.00152185142312,7.17986350688e-05
y16x47,0.000425066199782,0.000978256524139,0.000428281223052
y16x44,-0.000411103478241,0.000502578695287,3.24499595348e-05
y28x53,-0.00073271828374,0.00191377481583,-0.000462281395359
y28x62,-0.00146386861236,0.00377953270564,-0.000315067287312
y16x65,-0.000482882011649,0.00476509062022,-0.000185060281416
y16x38,-0.00150903005392,0.00105113649143,-0.000235216799176
y28x65,-0.000461878565829,0.00422048708803,0.0005764030212
y19x65,-0.000875343262009,0.0033839950298,-0.000429186419444
y22x53,4.97703468404e-05,0.00270978251288,0.000182233930099
y22x50,0.000207292369504,0.00130444401948,0.000252143390794
y22x56,-0.00202001859943,0.00195229551658,-0.000903615725408
y19x62,-0.00074861183144,0.00398800827832,-0.000128443702471
y19x47,-0.000937957743951,0.00244381664209,-0.00043174611437
y10x62,-0.00185314066243,0.00304729019318,-0.00169058664465
y19x44,-0.00267357452564,0.00205379638192,-0.00081680221751
y19x41,-0.00243375228719,0.000473984532112,-0.000818726356294
y22x38,-0.00257813640429,0.000920262495421,-0.000999308415606
y10x38,-0.00242552105058,0.000805420583757,-0.00136455045233
y25x65,-0.00102443654554,0.00415680252867,0.000138155925585
y13x38,-0.00152279579439,-0.000748310264966,-0.000190581639304
y25x38,-0.00169380447859,0.00286446024274,-0.000528993400592
y10x59,0.000122213023061,0.00330078238676,0.000376963789213
y25x47,-0.00212029283935,0.00335088511261,-0.000685910642708
y10x56,-0.000728547571167,0.00409731483484,-0.00107322745896
y22x59,-0.00106504656447,0.00294979822711,-0.000131381295381
y10x53,0.000182597816943,0.00244869976305,8.17707381084e-06
y10x50,0.000243104947807,-0.000417096153105,0.000353373887585
y16x59,-0.000478915052681,0.000461209612625,4.59874798132e-05
y28x56,-0.0020277400966,0.00216933687169,-0.000995308789918
y28x50,-0.00102837330505,0.00194480887105,-0.000180391557526
y13x59,-0.000910054346372,0.00196988113217,-0.000399650288427
y13x56,-0.00144189349762,0.000437152982265,-0.00034670214031
y16x50,-0.00160435491053,0.000851641670252,-0.000775657983447
y16x53,-0.00173198696375,-0.000567050127276,-0.000904862450764
y13x53,-0.00217458420599,0.000159299018321,-0.00107695301134
y13x50,5.34040585456e-05,0.00199448935536,0.000297360563544
y16x56,0.000826214711489,0.00098180722342,0.00123461978133
-----------------------------------------------------------------------
left
x_pos
y28x59,-0.00332684329697,0.00145893379382,-0.00168087671954
y22x47,-0.00114691688833,0.00231062069784,-0.000306010364331
y25x44,-0.00354538929169,0.00134653016166,-0.00064982092351
y25x41,-0.00307265530073,0.00151126221495,-0.000949615481645
y28x38,-0.00217097251633,0.000224011220613,-0.000278775893775
y19x50,-0.000982937582576,0.00116529475162,-0.000482763785017
y25x59,-0.00227234262017,0.0024278703083,-0.000802439931819
y19x38,-0.00321371382028,-0.00186496149032,-0.00123258103127
y19x53,-0.00143718930503,0.00207973807033,-0.000588759323526
y22x44,-0.00286263525868,0.0022520839606,-0.00105960160238
y19x56,-0.000888106287131,0.0029116137938,-0.000324489893612
y22x62,-0.00297629287885,0.00347970432862,-0.00179043298902
y19x59,0.00110513765718,0.00384602694351,0.00113915193346
y25x62,0.0001027636335,0.00410317809137,0.00108771684172
y22x65,0.00128102861201,0.00453225194897,0.00186055514777
y10x41,-0.00257762572233,0.000978474488624,-0.000952685202172
y13x65,-0.000337738707678,0.00313760081535,-0.000444122466481
y10x65,0.00200371954331,0.00355303805199,0.00205503451884
y10x44,-0.00222250335688,0.000959112626143,-0.000778331624476
y13x62,0.000888671368827,0.00323687583155,0.00056466270742
y16x62,-0.000415899670074,0.00085594222597,8.06662119602e-05
y10x47,-0.00122076857642,-3.6100268325e-05,-0.000257097407979
y25x56,-0.0025492596621,0.00139688111208,-0.00111812362875
y25x53,-0.000734382321386,0.00111937226607,-8.8358908215e-05
y28x41,-0.00375959786676,0.00204419528519,-0.000820235966663
y25x50,-0.000584094954217,0.000967130319154,0.000120729374908
y22x41,-0.00356246591473,0.00149192664342,-0.00101154872663
y28x47,-0.00150473203087,0.00345830916962,-0.000291617637431
y28x44,-0.00337478859387,0.00140395108488,-0.000717981337419
y13x44,-0.00262155644086,-0.00029620780596,-0.000651620928441
y13x47,-0.000440392400546,-0.000699166461901,-1.82031341943e-05
y16x41,-0.00160788084473,0.00194530024063,-0.00040263219744
y13x41,-0.00219839688658,-0.00173351777887,2.0947101417e-05
y16x47,0.000311835614158,0.000695989172533,0.000391217892886
y16x44,-0.000529143244466,-0.00013692535171,8.32114184653e-06
y28x53,-0.00083079932617,0.00179879252544,-0.00054835731054
y28x62,-0.00136430214817,0.00367664274446,-0.000179007023211
y16x65,-0.000252177611363,0.00439534436659,-0.000190254274394
y16x38,-0.00100977849775,0.00107623816442,-0.000190682198526
y28x65,-0.000152135206941,0.00417320105085,0.000709843028529
y19x65,-0.000792470586212,0.00298976822116,1.70098620652e-05
y22x53,-0.000115079252256,0.00308396145632,0.000296784978904
y22x50,0.000177357345795,0.00102238829161,0.000158088055969
y22x56,-0.00215148812205,0.00259336541486,-0.000889980236815
y19x62,-0.000817188235259,0.00336130874196,6.16118243162e-05
y19x47,-0.00159411588819,0.00258195088354,-0.000540087135952
y10x62,-0.00187331109796,0.00375538242384,-0.00175570028061
y19x44,-0.00245016443042,0.00168219818306,-0.000915276256517
y19x41,-0.0026412439315,0.000416808968866,-0.000722861336256
y22x38,-0.00267684626753,0.000463921671025,-0.000982904511877
y10x38,-0.00197550365994,0.000158315160489,-0.000966421253091
y25x65,-0.000752009978228,0.0041630412742,0.000303595631355
y13x38,-0.00129176573395,-0.000875426817175,-0.000138798601741
y25x38,-0.00221648919188,0.00303369676258,-0.000521401232473
y10x59,0.000520846046168,0.00409374418261,0.000128386076652
y25x47,-0.00239871940579,0.00338211194371,-0.000621336113975
y10x56,-0.00143623319157,0.00353711595775,-0.00143325676339
y22x59,-0.00102861236728,0.00286504328233,0.000162430023545
y10x53,-9.62420471143e-05,0.00205886689246,-1.79496369705e-05
y10x50,0.000376251230369,-0.000211955159536,0.000268533423683
y16x59,-0.000178957117226,0.000525093581932,5.16508885273e-05
y28x56,-0.00201156043333,0.00189558575113,-0.000672184093188
y28x50,-0.00115621254581,0.00198326512073,-0.000213196776196
y13x59,-0.00130995892436,0.00246243196777,-0.000624539924631
y13x56,-0.00125942960842,0.000527934708483,1.47189427991e-05
y16x50,-0.00191275894242,0.00128190955215,-0.00105375385076
y16x53,-0.00175503659508,0.000708126282255,-0.000805847393454
y13x53,-0.00153654683387,0.000564317188297,-0.000932012649557
y13x50,-0.000410261460257,0.000959022649755,0.000149512411059
y16x56,0.000814514273078,0.00146125802091,0.00115533137742
-----------------------------------------------------------------------
left
x_pos
y28x59,-0.00342945032992,0.00160137792384,-0.00179369915338
y22x47,-0.000678635239925,0.0023141571863,-0.000122890415211
y25x44,-0.00323688469338,0.00137816286644,-0.00079001204339
y25x41,-0.00328872997784,0.00196322054074,-0.00103439979725
y28x38,-0.001489785968,0.00065670437556,-0.00024381985349
y19x50,-0.000422101412776,0.00149535028169,-0.00034138460273
y25x59,-0.00132765199355,0.00195775270879,-0.000278941870208
y19x38,-0.00282958706239,-0.00179373879751,-0.00108336701392
y19x53,-0.00108703574648,0.00219284175781,-0.00049023518413
y22x44,-0.00250697176598,0.00252630469127,-0.000837200578005
y19x56,-0.000812650322488,0.00275148808271,-0.000330184444028
y22x62,-0.00320184691018,0.00375760150185,-0.00188940962395
y19x59,0.000814892181911,0.00394840842719,0.000960604274129
y25x62,1.89978307662e-05,0.00444040879757,0.000953908567185
y22x65,0.00124855905755,0.00449811385206,0.00175427426055
y10x41,-0.0023905805231,0.00134952914636,-0.000748233586906
y13x65,0.000235697573885,0.00264831441006,-0.000210659848903
y10x65,0.00199209538029,0.0034905615395,0.00173768174423
y10x44,-0.00277021651965,0.00106215185988,-0.000957410600478
y13x62,0.00105003208146,0.00308131559331,0.000434973262109
y16x62,-0.000405671608835,0.00113699362207,0.000179146581128
y10x47,-0.00132899137012,4.43891111238e-05,-0.000245719344636
y25x56,-0.00279932676129,0.00214924360526,-0.0013973821718
y25x53,-0.000719408642891,0.00167233403637,1.08853714043e-05
y28x41,-0.00409846406296,0.0016594518963,-0.000913436001225
y25x50,-0.000753314259116,0.00148079521028,-4.48065876057e-05
y22x41,-0.00328917745702,0.00130629526251,-0.000933569444483
y28x47,-0.00119707133805,0.00309028660174,-0.000174286111751
y28x44,-0.0035892402156,0.00190161487048,-0.000928178866598
y13x44,-0.00280242715821,6.15251388437e-05,-0.000606852329776
y13x47,-0.000274861897266,-0.000490825804025,3.36537512197e-05
y16x41,-0.00178414334496,0.00140471402776,-0.000415388084625
y13x41,-0.00208180572387,-0.00091340720966,-0.00013077607559
y16x47,0.000208308363531,0.000207176238883,0.000383730527276
y16x44,-0.000791863986657,-0.00040854009885,-6.57975911012e-06
y28x53,-0.00089344853756,0.00139498934184,-0.000454410632132
y28x62,-0.000843408908396,0.00277440304828,8.07348534592e-05
y16x65,-0.000534659957015,0.00452695778505,-0.000343424606608
y16x38,-0.00123986147761,0.00085639496555,-0.000207508957787
y28x65,-0.000484732963417,0.00409265196253,0.000499856861186
y19x65,-0.000559334193135,0.00322243238547,3.45603106965e-05
y22x53,-6.58699923606e-06,0.00263226030331,0.000155892062268
y22x50,-6.29450340109e-05,0.00114439149366,-2.83997595904e-05
y22x56,-0.00160487861983,0.00220847584169,-0.000602257775167
y19x62,-0.00103523714298,0.00300781232991,2.35286842516e-05
y19x47,-0.00149540471301,0.002821461501,-0.00065098851457
y10x62,-0.00156601013138,0.00356663187221,-0.00165549317753
y19x44,-0.00255788255582,0.00166388954652,-0.000893226930556
y19x41,-0.00226210442429,0.000338304183211,-0.000490952511806
y22x38,-0.00222236699156,0.000599652902121,-0.000821361414047
y10x38,-0.00230733170327,-0.000508760731872,-0.000884329988114
y25x65,-0.00113813754723,0.00368523277757,-0.000110182331995
y13x38,-0.000753886868482,-0.000533237567517,-0.000174629095638
y25x38,-0.00181194280035,0.00311674408828,-0.000454554849139
y10x59,-0.000133022055648,0.00442477867488,-0.000230498458178
y25x47,-0.00246040935463,0.00278374857847,-0.000702745802339
y10x56,-0.00162738435947,0.00361731593778,-0.00143494567345
y22x59,-0.00112614890368,0.00273988127819,8.7938983377e-05
y10x53,-0.000373666552682,0.00208720583678,-9.4903428486e-05
y10x50,0.000537302021352,-0.000440799408815,0.000426209845277
y16x59,-0.00087239991301,0.00060643393028,8.71206448813e-05
y28x56,-0.0017847105337,0.00119888291132,-0.000569743066096
y28x50,-0.00127040976592,0.00198537128884,-0.000320015836611
y13x59,-0.00162060987832,0.00325534015404,-0.00100970150402
y13x56,-0.00124957193998,0.000655877811936,-0.000346152143682
y16x50,-0.00154614450734,-6.78741475442e-05,-0.000832175381428
y16x53,-0.00196082430432,0.00104238929296,-0.00101084698497
y13x53,-0.00198202187146,0.000812615165989,-0.00103602635909
y13x50,-9.16268333929e-06,0.000883659744555,0.000184751054083
y16x56,0.00119085786967,0.00162009650347,0.00110436098071
-----------------------------------------------------------------------
left
x_pos
y28x59,-0.0027705484313,0.00155779516777,-0.0015159113956
y22x47,-0.000953161059238,0.00173471910472,-0.000112712724291
y25x44,-0.00282085405711,0.00150816577933,-0.000772321481215
y25x41,-0.00311826170826,0.00186145209395,-0.00103552780504
y28x38,-0.00170954156062,0.0010276146175,-0.000353865830484
y19x50,0.000127601840483,0.001889110069,8.73894798193e-05
y25x59,-0.00222640424703,0.00176819830804,-0.00115695205611
y19x38,-0.00218122731199,-0.000246741646154,-0.00103505464463
y19x53,-0.00149638237474,0.0024320379319,-0.000644605197455
y22x44,-0.00225365993061,0.00291236001482,-0.000793600423331
y19x56,-0.00166500662406,0.00262919647994,-0.000705872781896
y22x62,-0.00165866453771,0.00385440146511,-0.000786281364168
y19x59,-0.000565409347662,0.00288667553511,-0.000301801341207
y25x62,-0.000921072673688,0.00396467827734,8.38044059668e-06
y22x65,0.000438797675361,0.00363236546809,0.00110400632646
y10x41,-0.00238830502461,0.000809611780138,-0.00079741293802
y13x65,-0.000251539767853,0.00318480092512,-0.000595522383939
y10x65,0.00205068247562,0.00361324546082,0.00167534404087
y10x44,-0.00240592143264,0.00112003212231,-0.00101857999089
y13x62,0.000803125079821,0.00314465662926,0.00059004167138
y16x62,0.000446440456888,0.0029854023016,0.000657644016643
y10x47,-0.00119689544421,0.000520282796013,-0.000339791951044
y25x56,-0.00230371798824,0.00169394682667,-0.000888024427157
y25x53,-0.000788119475384,0.00180473939165,4.59615137069e-06
y28x41,-0.00356469553613,0.00166927215849,-0.00095288018315
y25x50,-0.00113201976947,0.00129121027304,-0.000194412329484
y22x41,-0.00293999175697,0.001434080066,-0.000884565373088
y28x47,-0.00127870685969,0.00267447389771,-0.000126177864209
y28x44,-0.00383093955526,0.00157257818148,-0.000839143706674
y13x44,-0.00261167511942,0.000329852236887,-0.000580290687687
y13x47,9.12357079976e-05,-0.000336455255733,0.000117516752776
y16x41,-0.00229481070656,0.000728533428754,-0.000583089548078
y13x41,-0.0022075675589,-0.00161588053575,1.0730731543e-05
y16x47,-0.000338573484082,8.31141329947e-05,0.000101835928565
y16x44,-0.00211934281483,0.00106687874642,-0.000687761893406
y28x53,-0.00134072003469,0.00138841234913,-0.000715216385895
y28x62,-0.00121066665268,0.00353326962054,6.26869506411e-05
y16x65,-0.000286102127195,0.00322864765828,1.58581799646e-05
y16x38,-0.00200854389508,0.00011032030983,-0.00053090665789
y28x65,-0.000462181505059,0.00399761835881,0.000803116308565
y19x65,-0.000588329009369,0.00373637418505,-0.00025037293801
y22x53,-0.000483976347446,0.00198623589861,-3.64428260895e-05
y22x50,-0.000762858122441,0.000534893563869,-0.000179276923345
y22x56,-0.000432887971854,0.00286311950797,4.72494510784e-05
y19x62,3.18787700399e-05,0.00311080955833,0.000514140143674
y19x47,-0.00098270818894,0.00226572915544,-0.000442944810697
y10x62,-0.00140300961522,0.00284344630835,-0.00132575795401
y19x44,-0.00298151860296,0.000822361538642,-0.000867253263532
y19x41,-0.0026745840089,0.000459398720568,-0.000793064311603
y22x38,-0.00291978582274,0.000105351577642,-0.000937241916732
y10x38,-0.00178388686776,-0.000288745743041,-0.000863501309318
y25x65,-0.000732244183284,0.0046900674018,0.000327420498088
y13x38,-0.0012736058402,-0.000720852781239,-0.000345404688884
y25x38,-0.00180151831046,0.00315957094105,-0.000446523257822
y10x59,0.000273107734547,0.00372011724479,-4.80534520006e-06
y25x47,-0.00242040905622,0.00301930318164,-0.000675606599982
y10x56,-0.00102205671401,0.00392362341656,-0.00121977623002
y22x59,-0.000442244670381,0.00286948129956,0.000378297561918
y10x53,0.000294107650571,0.0015501655624,0.000131584399985
y10x50,0.000266538501208,-0.00110700027797,0.000323709634291
y16x59,-0.000809753507698,0.00176634939695,-0.000272450805164
y28x56,-0.00262685517357,0.00270074111622,-0.001012727131
y28x50,-0.000988598842903,0.00155867355995,-6.97299503184e-06
y13x59,-0.00126306473975,0.00258649329924,-0.000841756272459
y13x56,-0.00116789925079,0.000239619732646,-0.000325035532942
y16x50,-0.000463284865153,0.00121942718884,-0.00020069975259
y16x53,-0.00165573125385,0.000515563922588,-0.000626735358719
y13x53,-0.00236279264788,0.000806452013998,-0.00109216738313
y13x50,0.000350618523453,0.000589405816198,0.000309588153405
y16x56,0.000431309874603,0.00189518577617,0.000332557793768
-----------------------------------------------------------------------
left
x_pos
y28x59,-0.00338946912912,0.00145259842131,-0.0018014335636
y22x47,-0.000529143947613,0.00246635531955,-0.000138355726697
y25x44,-0.00294874009471,0.00143698716759,-0.000708821959016
y25x41,-0.00302923983732,0.00135095910017,-0.00102190215783
y28x38,-0.00256534769879,0.00166813986843,-0.000560620641025
y19x50,2.73095341208e-05,0.00138493521016,5.46276570475e-06
y25x59,-0.00296642548667,0.00230798656009,-0.00158518243285
y19x38,-0.00331768155926,-0.000495765153735,-0.00127558224808
y19x53,-0.00208799121483,0.0019082863556,-0.000792607699795
y22x44,-0.00224823503153,0.00215304802731,-0.000590234528018
y19x56,-0.00115998530167,0.00317136629521,-0.000404138248407
y22x62,-0.00228640634359,0.00349753867285,-0.00106240684725
y19x59,-0.000317244282988,0.00355710590786,0.000238542869059
y25x62,-0.00016725489504,0.00489585299736,0.000737890411621
y22x65,0.000693293564953,0.00389598979056,0.00133652735259
y10x41,-0.0019897495303,0.0016281783804,-0.000931421118167
y13x65,-0.000765847363824,0.00328781203117,-0.00052732599637
y10x65,0.00213278746102,0.00328700896252,0.00167676261859
y10x44,-0.00269595845184,0.00125119544155,-0.0010435934555
y13x62,0.000947192146005,0.00354042226288,0.00071445283408
y16x62,-5.8947760086e-05,0.00211532000948,0.000399641186737
y10x47,-0.00110904046671,0.000657436111819,-0.000282253967846
y25x56,-0.00175396255745,0.0010640661309,-0.000592908865954
y25x53,-0.000305050395183,0.00123173933219,0.0001533408865
y28x41,-0.00360828501659,0.00151595233741,-0.000699309437932
y25x50,-0.00107513364995,0.00141103602065,-0.000259844541233
y22x41,-0.00303163071803,0.00184383306883,-0.000972653979101
y28x47,-0.00130842490802,0.00281515575863,-0.000166941630523
y28x44,-0.00377037275151,0.00196272560503,-0.000882772190993
y13x44,-0.00240486407855,0.00113553834572,-0.000649638388595
y13x47,5.84718661425e-05,-0.000535886232254,0.00015609663602
y16x41,-0.0023212614338,0.000172996143446,-0.000330786350733
y13x41,-0.00213189776494,-0.00149493252617,-0.000101260376962
y16x47,-0.000121832885546,0.000451515960848,0.000272150317558
y16x44,-0.00168516312266,0.000373043148583,-0.000372575818884
y28x53,-0.0013409094906,0.00141969639543,-0.000662213605314
y28x62,-0.00144497520749,0.00330300505584,-7.61267038139e-05
y16x65,0.000224596444684,0.00353817859114,0.000146796126562
y16x38,-0.0016115838237,0.000124966198658,-0.000262331629637
y28x65,-0.00070544686073,0.00489776440531,0.000537279485258
y19x65,-0.000800426965417,0.00311581085544,-0.000355826068478
y22x53,-0.000561859041552,0.00241635836586,0.000129200826037
y22x50,-0.00071633470085,0.000994439570586,2.1050559356e-05
y22x56,-0.000944331615746,0.00259274167491,-0.000273645537215
y19x62,-0.000614317613555,0.00291420340651,-0.000102517703372
y19x47,-0.000995297748589,0.00188359124823,-0.000372358696858
y10x62,-0.00142036613779,0.00259342238492,-0.00141797715711
y19x44,-0.00281527126338,0.00126975066846,-0.000778830261066
y19x41,-0.00239909708992,0.000684331750759,-0.000618426726562
y22x38,-0.00284117636294,0.000184015612287,-0.000817253345397
y10x38,-0.00201240357726,0.000610542788539,-0.0010168815459
y25x65,-0.00101591733302,0.00485531993362,-1.94426046247e-05
y13x38,-0.00112339778553,-0.0013828697277,-0.000136746091211
y25x38,-0.00172001099668,0.00286458984862,-0.000400668541024
y10x59,0.00037675796834,0.00342722406778,-7.0344730785e-05
y25x47,-0.00229343128969,0.00250910552443,-0.000586436588258
y10x56,-0.000833162053496,0.00322805437202,-0.000759404206984
y22x59,-0.00115642927652,0.00274027839401,-0.000270554099949
y10x53,0.000585119427415,0.0019963928455,0.000330997682569
y10x50,0.000230886944455,-0.00105268035012,0.000313775345466
y16x59,-0.000935568645998,0.00151570117851,-0.00030985259486
y28x56,-0.00215540024839,0.00252221679229,-0.000580930079714
y28x50,-0.00147540707575,0.00168998892984,-0.000437589393395
y13x59,-0.00131393587696,0.00243691066577,-0.000773479229505
y13x56,-0.00130006288259,0.000575142815807,-0.000409821467637
y16x50,-0.00149314411103,0.00122883333901,-0.00062794026739
y16x53,-0.00181928296972,0.000277031448046,-0.000805102334025
y13x53,-0.00220008997271,0.000625175586548,-0.000925541973618
y13x50,-0.000136978914736,-0.000368161043269,0.000368146792211
y16x56,0.000620047420452,0.00142333973307,0.0007724977418
-----------------------------------------------------------------------
left
x_pos
y28x59,-0.00314972310402,0.00138557113219,-0.00151474027734
y22x47,-0.000695643906511,0.00244277699832,-0.000237693576061
y25x44,-0.00273268436594,0.00106727317067,-0.000601214719126
y25x41,-0.00285239511148,0.00188935693243,-0.000937851619624
y28x38,-0.00203766312784,0.00188806490497,-0.00045936113893
y19x50,-0.000538423877774,0.000827515065308,-0.000388181402512
y25x59,-0.00195807904037,0.00272097113961,-0.000671325720462
y19x38,-0.00322484359851,-0.000928508294251,-0.00119081554512
y19x53,-0.00157524505053,0.00195915522514,-0.000731902736308
y22x44,-0.00218713036513,0.00255499951486,-0.000847684741421
y19x56,-0.000592337350582,0.00340750566499,-0.000229188207853
y22x62,-0.00229382867348,0.00323142009269,-0.00122071966206
y19x59,0.00012503460856,0.00356183900584,0.000585211412282
y25x62,-0.000151577131497,0.00461452417257,0.000901702977244
y22x65,0.000586444179802,0.00413625519769,0.00102221959671
y10x41,-0.0028914574506,0.000484802999393,-0.000917622786694
y13x65,-0.000205260068166,0.00324127855447,-0.000421503708115
y10x65,0.00160891672173,0.00332506387138,0.00143915526361
y10x44,-0.00277593770218,0.0013817781522,-0.00101369122642
y13x62,0.00104938965747,0.00367084454278,0.000581765286685
y16x62,-2.34664154086e-06,0.000912721670308,0.000556769991003
y10x47,-0.000881999063694,0.00013246463891,-9.91077254839e-05
y25x56,-0.00153918141177,0.00186078272402,-0.000444094777202
y25x53,-0.000700300063519,0.00133834179301,6.29358708021e-05
y28x41,-0.00259988448954,0.00147703898593,-0.000379225097681
y25x50,-0.000867490767332,0.00142917321784,-0.000185903090423
y22x41,-0.00365612721363,0.00163871822109,-0.00119911271921
y28x47,-0.00177959954728,0.00291855071663,-0.000268896980761
y28x44,-0.00389199497354,0.00218315362321,-0.00086745750489
y13x44,-0.00296182939484,0.00099579517545,-0.000780656005805
y13x47,-6.1746164211e-05,-0.000469882929717,0.000211406032462
y16x41,-0.00221702373748,0.00100738960597,-0.000423967959763
y13x41,-0.00161468286562,-4.30243129131e-05,-8.85111796479e-05
y16x47,0.000261860030398,0.00129548540168,0.000385424644815
y16x44,-0.00139433913568,4.32803221417e-05,-0.000149284605395
y28x53,-0.00167408424012,0.00175124293551,-0.000696318902619
y28x62,-0.00133723762544,0.00352865034882,-0.000233010397793
y16x65,-0.000433225367805,0.00447904012467,-0.000188467548432
y16x38,-0.00155628491449,0.000545406624688,-0.000212586712608
y28x65,-0.00058916122738,0.00466537521908,0.000691699258228
y19x65,-0.000615366292872,0.00343615932978,4.75226238995e-06
y22x53,-0.000479804036658,0.00248259947141,0.00015951984024
y22x50,-0.000115824283535,0.00111443382493,0.000192343286589
y22x56,-0.00195625329042,0.00191874507152,-0.000746391398203
y19x62,-0.000995538301555,0.00314142026336,-0.0003033027041
y19x47,-0.000644364902905,0.00218851241415,-0.000186297795572
y10x62,-0.00180523652714,0.00307260583294,-0.00173871020541
y19x44,-0.00326237519532,0.0013355766353,-0.000759105925902
y19x41,-0.0021702219817,0.000358258228588,-0.000589633415884
y22x38,-0.00268553236178,0.000532474105157,-0.00105264832033
y10x38,-0.00080528027839,0.000938159923935,-0.000794459197238
y25x65,-0.00131783751273,0.00524137863907,-0.000255754006014
y13x38,-0.000883344415997,-0.00114541308231,2.76575170577e-05
y25x38,-0.00148615590389,0.00336426669093,-0.000493647986539
y10x59,0.000366609626218,0.00328056378097,-1.56035733749e-05
y25x47,-0.00174896274559,0.00215922004827,-0.000505332749678
y10x56,-0.000790629286991,0.00337753848555,-0.000880640622965
y22x59,-0.00131307099153,0.00258697288421,-0.000445972599996
y10x53,0.000798062019387,0.00278314596653,0.000221423066119
y10x50,0.00025025731035,-0.00100142498499,0.000415043422891
y16x59,-0.000148657495666,0.00128035140893,-2.87197869482e-05
y28x56,-0.00272270183601,0.00271473392567,-0.000934358540907
y28x50,-0.00135825804496,0.00160145961676,-0.00046429038368
y13x59,-0.00125563369584,0.00217413253269,-0.00083543418176
y13x56,-0.00100272491972,0.000704356984696,-0.000369072530824
y16x50,-0.00208617479959,0.000415684862442,-0.000849475665916
y16x53,-0.00244527320606,0.000488947407116,-0.000897832179601
y13x53,-0.00251267186095,0.000766887985847,-0.001176035191
y13x50,0.00021693924466,-5.36115572338e-05,0.000215525062945
y16x56,0.000630604513814,0.000709296511531,0.00101113214551
-----------------------------------------------------------------------
left
x_pos
y28x59,-0.00284912899125,0.00191683119276,-0.00146703963902
y22x47,-0.00113806273674,0.00241592823488,-0.000409658971143
y25x44,-0.00273639648658,0.00127620297352,-0.000618034968419
y25x41,-0.0028527439577,0.00177330851688,-0.00106312377675
y28x38,-0.00244963239848,0.00145318181783,-0.000600782313918
y19x50,-0.000712143739384,0.000862614546314,-0.000311527735277
y25x59,-0.00204917810397,0.00319638226751,-0.000478435281834
y19x38,-0.00381511747659,-0.000615596651703,-0.00124787169051
y19x53,-0.00148989320992,0.00176104281234,-0.000697633219786
y22x44,-0.00250144060375,0.00291795657446,-0.000946048019305
y19x56,-0.000705219496949,0.00323874890646,-0.000139720913355
y22x62,-0.00237970459487,0.003300824214,-0.00113330658615
y19x59,0.000473872433221,0.00331803384049,0.000837038133141
y25x62,0.000216556984157,0.00455662758824,0.000999465399733
y22x65,0.00072613128858,0.00452916273484,0.00124133805019
y10x41,-0.0027127196864,0.000373712203384,-0.000759754034754
y13x65,-0.000315427862724,0.00319415945161,-0.000278537939925
y10x65,0.00146365115898,0.00295755290571,0.00129025617287
y10x44,-0.00258383572638,0.000967919137362,-0.000893068018761
y13x62,0.000830792624714,0.00379568696856,0.000746010598912
y16x62,0.000117827838462,0.00148530427987,0.000267703895374
y10x47,-0.0012579053333,7.98895557168e-05,-0.000120547620319
y25x56,-0.00221430301693,0.00157996354458,-0.000815196727374
y25x53,-0.00107594982113,0.00138735750412,-0.000108888604399
y28x41,-0.00339754394681,0.00136867612004,-0.000529902208805
y25x50,-0.000631258564981,0.00122199232968,-9.10906284534e-05
y22x41,-0.0040203248355,0.00157910816612,-0.00119755779934
y28x47,-0.00181015990529,0.00265009886943,-0.000326265871981
y28x44,-0.00314531541833,0.00236273942836,-0.00065368364098
y13x44,-0.00295641127473,0.00102689905668,-0.000790692011148
y13x47,-0.000373242086903,-0.000516521081441,5.52320549719e-05
y16x41,-0.0022245142784,0.000794034549969,-0.000303621491017
y13x41,-0.00144217781789,6.48472601393e-05,-9.95641562389e-05
y16x47,0.000148337920769,0.000879106592193,0.000256769454785
y16x44,-0.00088408322432,-0.000440325455934,-6.73668127113e-05
y28x53,-0.00130855284458,0.00139519590774,-0.000403533913202
y28x62,-0.00133148551078,0.00299205578061,-0.000416254065332
y16x65,-6.89911646818e-05,0.0042813344508,-9.35367186951e-05
y16x38,-0.00130717992715,0.000379662861905,-0.000252451380689
y28x65,-0.000558782927509,0.0049029627204,0.000823413460123
y19x65,-0.00068899022815,0.00347204348919,-2.56769020569e-05
y22x53,-0.000925763434589,0.0030228357372,-9.59033799517e-05
y22x50,0.000609262938196,0.00226410313729,0.000346823233034
y22x56,-0.00172965914851,0.00186252300617,-0.000543964369568
y19x62,-0.00126618125424,0.00315554176023,-0.000376541984497
y19x47,-0.000867577506105,0.00202691240472,-0.000308782341267
y10x62,-0.00175312272613,0.00280340035411,-0.00151281656621
y19x44,-0.00350207735038,0.00133812456968,-0.00105654246939
y19x41,-0.00200589128574,0.00074909624703,-0.00043162226111
y22x38,-0.0023607665116,0.00013959591001,-0.00109794781926
y10x38,-0.00202716915061,0.000607702198517,-0.000990140255682
y25x65,-0.000681354210177,0.00388260610668,0.000259846982299
y13x38,-0.00180757485563,-0.000518685875862,-0.000212912545948
y25x38,-0.00144187756774,0.00305037390997,-0.000420065612528
y10x59,0.000470389090823,0.0032541411786,9.6739429255e-05
y25x47,-0.00170038102311,0.00264107547022,-0.000531096526257
y10x56,-0.000880175588869,0.00280310587108,-0.000761929662657
y22x59,-0.00106874582612,0.00286127706655,-0.000100313813783
y10x53,0.0011644603312,0.00234992279989,0.000527547330083
y10x50,0.000294218918832,-0.000487882324385,0.000203315967322
y16x59,-0.000383689993679,0.000815168120543,-0.000103537490946
y28x56,-0.00232613365565,0.00253802000876,-0.000637455986773
y28x50,-0.000964054868637,0.0012345804898,-0.000185820553854
y13x59,-0.00124821361137,0.00258206812629,-0.000856526932383
y13x56,-0.00106281760012,0.00106067492221,-0.000321850352192
y16x50,-0.00204296041403,0.000691647798424,-0.000969363737088
y16x53,-0.00240506982796,-0.000303171797623,-0.000914436687569
y13x53,-0.00221693921124,0.000765398272253,-0.00111235347098
y13x50,0.000455929536036,0.000168858208419,0.000499957403883
y16x56,0.00106238576469,0.00079477961407,0.00122285629666
